60
EPI3879537|HA|A/duck/Madagascar/82059/2024|EPI_ISL_19704266|A_/_H6N2           0.0000000 0.0005877 0.0005882 0.0005877 0.0011778 0.0005882 0.0275599 0.0268624 0.0268465 0.0203283 0.0203283 0.0268584 0.0216512 0.0216512 0.0231054 0.0216348 0.0229031 0.0229031 0.0229280 0.0229180 0.0229271 0.0229097 0.0876011 0.2420817 0.1934952 0.1719117 0.2406431 0.2413480 0.2439364 0.0474157 0.0482079 0.2343387 0.1531630 0.1459161 0.2375133 0.1373787 0.0923797 0.1394001 0.1407473 0.0608086 0.1555705 0.1566588 0.1262595 0.2171864 0.1379794 0.1379794 0.1481363 0.1477679 0.2374206 0.2387129 0.2312912 0.2200234 0.2169047 0.2324642 0.2311968 0.2163007 0.2341135 0.2231123 0.2310367 0.4082433 
EPI3748432|HA|A/duck/Madagascar/81836/2024|EPI_ISL_19638439|A_/_H6N2           0.0005877 0.0000000 0.0000010 0.0000010 0.0005882 0.0000010 0.0282159 0.0275159 0.0274995 0.0209661 0.0209661 0.0275118 0.0222931 0.0222931 0.0237548 0.0222761 0.0235466 0.0235466 0.0235722 0.0235620 0.0222795 0.0222627 0.0867878 0.2432875 0.1949175 0.1737602 0.2418467 0.2425562 0.2451480 0.0467064 0.0474954 0.2355077 0.1521152 0.1448587 0.2387097 0.1364071 0.0915411 0.1384380 0.1397791 0.0600625 0.1545433 0.1556289 0.1271788 0.2183193 0.1370161 0.1370161 0.1471550 0.1467901 0.2385948 0.2398889 0.2324529 0.2211618 0.2180348 0.2336271 0.2323579 0.2174335 0.2353009 0.2242866 0.2321973 0.4098556 
EPI3748426|HA|A/duck/Madagascar/81833/2024|EPI_ISL_19638438|A_/_H6N2           0.0005882 0.0000010 0.0000000 0.0000010 0.0005882 0.0000010 0.0282384 0.0275377 0.0275213 0.0209826 0.0209826 0.0275336 0.0223106 0.0223106 0.0237737 0.0222936 0.0235652 0.0235652 0.0235908 0.0235806 0.0222971 0.0222802 0.0868627 0.2435458 0.1951759 0.1740682 0.2421033 0.2428144 0.2454090 0.0467446 0.0475343 0.2357521 0.1522661 0.1450054 0.2389624 0.1365359 0.0916219 0.1385670 0.1399099 0.0601128 0.1546930 0.1557798 0.1272984 0.2185434 0.1371442 0.1371442 0.1472918 0.1469271 0.2388428 0.2401382 0.2326935 0.2213890 0.2182581 0.2338688 0.2325984 0.2176568 0.2355491 0.2245235 0.2324375 0.4103550 
EPI3748418|HA|A/duck/Madagascar/81494/2024|EPI_ISL_19638437|A_/_H6N2           0.0005877 0.0000010 0.0000010 0.0000000 0.0005882 0.0000010 0.0282159 0.0275159 0.0274995 0.0209661 0.0209661 0.0275118 0.0222931 0.0222931 0.0237548 0.0222761 0.0235466 0.0235466 0.0235722 0.0235620 0.0222795 0.0222627 0.0867878 0.2432875 0.1949175 0.1737602 0.2418467 0.2425562 0.2451480 0.0467064 0.0474954 0.2355077 0.1521152 0.1448587 0.2387097 0.1364071 0.0915411 0.1384380 0.1397791 0.0600625 0.1545433 0.1556289 0.1271788 0.2183193 0.1370161 0.1370161 0.1471550 0.1467901 0.2385948 0.2398889 0.2324529 0.2211618 0.2180348 0.2336271 0.2323579 0.2174335 0.2353009 0.2242866 0.2321973 0.4098556 
EPI3748411|HA|A/duck/Madagascar/81490/2024|EPI_ISL_19638436|A_/_H6N2           0.0011778 0.0005882 0.0005882 0.0005882 0.0000000 0.0005882 0.0289024 0.0281990 0.0281823 0.0216267 0.0216267 0.0281949 0.0229592 0.0229592 0.0244303 0.0229416 0.0242157 0.0242157 0.0242420 0.0242315 0.0229452 0.0229278 0.0876768 0.2448210 0.1966710 0.1760077 0.2433758 0.2440920 0.2466905 0.0474545 0.0482474 0.2369869 0.1533150 0.1460640 0.2402267 0.1375084 0.0908060 0.1395300 0.1408790 0.0608594 0.1557213 0.1568107 0.1282526 0.2197374 0.1362162 0.1362162 0.1482750 0.1479059 0.2400836 0.2413810 0.2339202 0.2225892 0.2194491 0.2350969 0.2338244 0.2188505 0.2368035 0.2257622 0.2336629 0.4087410 
EPI3748370|HA|A/duck/Madagascar/80788/2024|EPI_ISL_19638430|A_/_H6N2           0.0005882 0.0000010 0.0000010 0.0000010 0.0005882 0.0000000 0.0282384 0.0275377 0.0275213 0.0209826 0.0209826 0.0275336 0.0223106 0.0223106 0.0237737 0.0222936 0.0235652 0.0235652 0.0235908 0.0235806 0.0222971 0.0222802 0.0868627 0.2435458 0.1951759 0.1740682 0.2421033 0.2428144 0.2454090 0.0467446 0.0475343 0.2357521 0.1522661 0.1450054 0.2389624 0.1365359 0.0916219 0.1385670 0.1399099 0.0601128 0.1546930 0.1557798 0.1272984 0.2185434 0.1371442 0.1371442 0.1472918 0.1469271 0.2388428 0.2401382 0.2326935 0.2213890 0.2182581 0.2338688 0.2325984 0.2176568 0.2355491 0.2245235 0.2324375 0.4103550 
EPI5132310|HA|A/duck/Madagascar/78273/2025|EPI_ISL_20360498|A_/_H6N2           0.0275599 0.0282159 0.0282384 0.0282159 0.0289024 0.0282384 0.0000000 0.0011817 0.0011812 0.0235439 0.0235439 0.0029654 0.0083939 0.0083939 0.0060073 0.0059715 0.0059570 0.0059570 0.0059631 0.0059607 0.0281355 0.0281128 0.0952675 0.2661209 0.2015169 0.1772916 0.2646049 0.2654213 0.2681339 0.0669172 0.0678055 0.2567948 0.1711435 0.1660680 0.2572684 0.1558511 0.1132162 0.1508287 0.1522568 0.0750938 0.1807499 0.1819222 0.1449377 0.2409982 0.1476379 0.1476379 0.1587435 0.1583330 0.2611602 0.2625172 0.2535367 0.2454254 0.2420292 0.2547583 0.2534291 0.2414698 0.2536462 0.2435928 0.2532556 0.4377453 
EPI5132318|HA|A/goose/Madagascar/78289/2025|EPI_ISL_20360499|A_/_H6N2          0.0268624 0.0275159 0.0275377 0.0275159 0.0281990 0.0275377 0.0011817 0.0000000 0.0000024 0.0222184 0.0222184 0.0017728 0.0071684 0.0071684 0.0047882 0.0047592 0.0047483 0.0047483 0.0047530 0.0047513 0.0267790 0.0267579 0.0942330 0.2623047 0.2002727 0.1756446 0.2608041 0.2616006 0.2642880 0.0660357 0.0669178 0.2531467 0.1726177 0.1643991 0.2535459 0.1571974 0.1120537 0.1494131 0.1508267 0.0741654 0.1790583 0.1802216 0.1435188 0.2375346 0.1462345 0.1462345 0.1572653 0.1568617 0.2574711 0.2588155 0.2499288 0.2418954 0.2385428 0.2511405 0.2498235 0.2379774 0.2499714 0.2400047 0.2496523 0.4315867 
EPI5132297|HA|A/duck/Madagascar/78071/2025|EPI_ISL_20360496|A_/_H6N2           0.0268465 0.0274995 0.0275213 0.0274995 0.0281823 0.0275213 0.0011812 0.0000024 0.0000000 0.0222053 0.0222053 0.0017718 0.0071643 0.0071643 0.0047855 0.0047571 0.0047456 0.0047456 0.0047500 0.0047486 0.0267636 0.0267420 0.0941732 0.2634137 0.2017854 0.1776093 0.2619118 0.2627123 0.2654013 0.0659952 0.0668766 0.2542260 0.1724891 0.1642739 0.2546462 0.1570861 0.1119787 0.1493105 0.1507217 0.0741192 0.1789278 0.1800901 0.1434177 0.2385914 0.1461330 0.1461330 0.1571551 0.1567531 0.2585534 0.2598987 0.2510030 0.2429632 0.2396044 0.2522151 0.2508972 0.2390421 0.2510652 0.2410939 0.2507257 0.4311844 
EPI5132302|HA|A/duck/Madagascar/78271/2025|EPI_ISL_20360497|A_/_H6N2           0.0203283 0.0209661 0.0209826 0.0209661 0.0216267 0.0209826 0.0235439 0.0222184 0.0222053 0.0000000 0.0000010 0.0222147 0.0171139 0.0171139 0.0185080 0.0171016 0.0183483 0.0183483 0.0183680 0.0183601 0.0228432 0.0228249 0.0927459 0.2561850 0.2040212 0.1805717 0.2547024 0.2554710 0.2581298 0.0576955 0.0585361 0.2456717 0.1698076 0.1562197 0.2489336 0.1536186 0.1082607 0.1479254 0.1493245 0.0717100 0.1730706 0.1742153 0.1381348 0.2279646 0.1474273 0.1474273 0.1536341 0.1532460 0.2474714 0.2487940 0.2451753 0.2348040 0.2315181 0.2437151 0.2424155 0.2309377 0.2454081 0.2341536 0.2449044 0.4117709 
EPI5132281|HA|A/duck/Madagascar/78069/2025|EPI_ISL_20360494|A_/_H6N2           0.0203283 0.0209661 0.0209826 0.0209661 0.0216267 0.0209826 0.0235439 0.0222184 0.0222053 0.0000010 0.0000000 0.0222147 0.0171139 0.0171139 0.0185080 0.0171016 0.0183483 0.0183483 0.0183680 0.0183601 0.0228432 0.0228249 0.0927459 0.2561850 0.2040212 0.1805717 0.2547024 0.2554710 0.2581298 0.0576955 0.0585361 0.2456717 0.1698076 0.1562197 0.2489336 0.1536186 0.1082607 0.1479254 0.1493245 0.0717100 0.1730706 0.1742153 0.1381348 0.2279646 0.1474273 0.1474273 0.1536341 0.1532460 0.2474714 0.2487940 0.2451753 0.2348040 0.2315181 0.2437151 0.2424155 0.2309377 0.2454081 0.2341536 0.2449044 0.4117709 
EPI5132289|HA|A/duck/Madagascar/78070/2025|EPI_ISL_20360495|A_/_H6N2           0.0268584 0.0275118 0.0275336 0.0275118 0.0281949 0.0275336 0.0029654 0.0017728 0.0017718 0.0222147 0.0222147 0.0000000 0.0071670 0.0071670 0.0053923 0.0053602 0.0053473 0.0053473 0.0053526 0.0053506 0.0267754 0.0267538 0.0950731 0.2638640 0.2021427 0.1770822 0.2623578 0.2631620 0.2658585 0.0660349 0.0669172 0.2546416 0.1726980 0.1644710 0.2550709 0.1572566 0.1120716 0.1515187 0.1529470 0.0749513 0.1791449 0.1803098 0.1435641 0.2389612 0.1472674 0.1472674 0.1583330 0.1579251 0.2589808 0.2603298 0.2514087 0.2433471 0.2399783 0.2526239 0.2513025 0.2394156 0.2514785 0.2414811 0.2511305 0.4359569 
EPI4576250|HA|A/duck/Madagascar/72065/2025|EPI_ISL_20090034|A_/_H6N2           0.0216512 0.0222931 0.0223106 0.0222931 0.0229592 0.0223106 0.0083939 0.0071684 0.0071643 0.0171139 0.0171139 0.0071670 0.0000000 0.0000010 0.0023829 0.0023688 0.0023632 0.0023632 0.0023650 0.0023646 0.0209389 0.0209222 0.0934470 0.2560807 0.1990180 0.1752068 0.2545891 0.2553621 0.2580372 0.0592806 0.0601312 0.2471001 0.1670793 0.1566435 0.2473821 0.1500505 0.1067290 0.1445790 0.1459630 0.0734097 0.1714817 0.1726272 0.1365526 0.2316345 0.1412949 0.1412949 0.1522079 0.1518221 0.2514018 0.2527394 0.2439149 0.2359286 0.2326146 0.2451227 0.2438123 0.2320334 0.2438484 0.2339219 0.2436434 0.4326768 
EPI4576265|HA|A/goose/Madagascar/72080/2025|EPI_ISL_20090036|A_/_H6N2          0.0216512 0.0222931 0.0223106 0.0222931 0.0229592 0.0223106 0.0083939 0.0071684 0.0071643 0.0171139 0.0171139 0.0071670 0.0000010 0.0000000 0.0023829 0.0023688 0.0023632 0.0023632 0.0023650 0.0023646 0.0209389 0.0209222 0.0934470 0.2560807 0.1990180 0.1752068 0.2545891 0.2553621 0.2580372 0.0592806 0.0601312 0.2471001 0.1670793 0.1566435 0.2473821 0.1500505 0.1067290 0.1445790 0.1459630 0.0734097 0.1714817 0.1726272 0.1365526 0.2316345 0.1412949 0.1412949 0.1522079 0.1518221 0.2514018 0.2527394 0.2439149 0.2359286 0.2326146 0.2451227 0.2438123 0.2320334 0.2438484 0.2339219 0.2436434 0.4326768 
EPI4576298|HA|A/duck/Madagascar/73453/2025|EPI_ISL_20090042|A_/_H6N2           0.0231054 0.0237548 0.0237737 0.0237548 0.0244303 0.0237737 0.0060073 0.0047882 0.0047855 0.0185080 0.0185080 0.0053923 0.0023829 0.0023829 0.0000000 0.0000024 0.0000010 0.0000010 0.0000024 0.0000010 0.0223842 0.0223662 0.0933589 0.2599820 0.2023340 0.1752068 0.2599100 0.2607109 0.2634229 0.0612407 0.0621064 0.2535426 0.1720508 0.1615575 0.2539536 0.1545253 0.1082881 0.1488497 0.1502705 0.0731944 0.1752792 0.1764428 0.1408084 0.2351668 0.1415994 0.1415994 0.1526015 0.1522115 0.2566154 0.2579717 0.2490092 0.2421747 0.2387873 0.2502318 0.2489032 0.2382170 0.2503401 0.2402704 0.2487308 0.4287430 
EPI4576305|HA|A/duck/Madagascar/73470/2025|EPI_ISL_20090043|A_/_H6N2           0.0216348 0.0222761 0.0222936 0.0222761 0.0229416 0.0222936 0.0059715 0.0047592 0.0047571 0.0171016 0.0171016 0.0053602 0.0023688 0.0023688 0.0000024 0.0000000 0.0000024 0.0000024 0.0000021 0.0000024 0.0215694 0.0215526 0.0910459 0.2566825 0.2015409 0.1752068 0.2551954 0.2559679 0.2586344 0.0592170 0.0600660 0.2477162 0.1678536 0.1574506 0.2466699 0.1508111 0.1074755 0.1453256 0.1467109 0.0709957 0.1722308 0.1733750 0.1373239 0.2322879 0.1424079 0.1424079 0.1519941 0.1516101 0.2520052 0.2533388 0.2445387 0.2352845 0.2319876 0.2457428 0.2444362 0.2314070 0.2431555 0.2345875 0.2442677 0.4236943 
EPI4576292|HA|A/duck/Madagascar/73447/2025|EPI_ISL_20090041|A_/_H6N2           0.0229031 0.0235466 0.0235652 0.0235466 0.0242157 0.0235652 0.0059570 0.0047483 0.0047456 0.0183483 0.0183483 0.0053473 0.0023632 0.0023632 0.0000010 0.0000024 0.0000000 0.0000010 0.0000024 0.0000010 0.0228339 0.0228156 0.0924106 0.2591446 0.2013389 0.1752068 0.2576522 0.2584349 0.2611094 0.0614020 0.0622609 0.2500986 0.1699001 0.1595083 0.2504377 0.1527079 0.1091330 0.1471543 0.1485501 0.0724756 0.1742440 0.1753931 0.1391744 0.2345968 0.1419567 0.1419567 0.1528599 0.1524737 0.2544012 0.2557390 0.2469049 0.2389141 0.2355886 0.2481117 0.2468012 0.2350167 0.2468925 0.2369699 0.2466316 0.4306853 
EPI4576324|HA|A/duck/Madagascar/73790/2025|EPI_ISL_20090046|A_/_H6N2           0.0229031 0.0235466 0.0235652 0.0235466 0.0242157 0.0235652 0.0059570 0.0047483 0.0047456 0.0183483 0.0183483 0.0053473 0.0023632 0.0023632 0.0000010 0.0000024 0.0000010 0.0000000 0.0000024 0.0000010 0.0228339 0.0228156 0.0924106 0.2591446 0.2013389 0.1752068 0.2576522 0.2584349 0.2611094 0.0614020 0.0622609 0.2500986 0.1699001 0.1595083 0.2504377 0.1527079 0.1091330 0.1471543 0.1485501 0.0724756 0.1742440 0.1753931 0.1391744 0.2345968 0.1419567 0.1419567 0.1528599 0.1524737 0.2544012 0.2557390 0.2469049 0.2389141 0.2355886 0.2481117 0.2468012 0.2350167 0.2468925 0.2369699 0.2466316 0.4306853 
EPI4576313|HA|A/duck/Madagascar/73777/2025|EPI_ISL_20090044|A_/_H6N2           0.0229280 0.0235722 0.0235908 0.0235722 0.0242420 0.0235908 0.0059631 0.0047530 0.0047500 0.0183680 0.0183680 0.0053526 0.0023650 0.0023650 0.0000024 0.0000021 0.0000024 0.0000024 0.0000000 0.0000024 0.0228583 0.0228404 0.0907314 0.2574259 0.1993052 0.1726826 0.2559400 0.2567140 0.2593780 0.0606290 0.0614837 0.2484520 0.1686165 0.1582350 0.2487585 0.1515441 0.1081750 0.1460411 0.1474288 0.0716619 0.1729742 0.1741183 0.1380601 0.2330287 0.1408579 0.1408579 0.1517189 0.1513365 0.2527373 0.2540697 0.2452753 0.2373175 0.2340106 0.2464780 0.2451726 0.2334360 0.2452336 0.2353475 0.2450040 0.4281107 
EPI4576318|HA|A/duck/Madagascar/73785/2025|EPI_ISL_20090045|A_/_H6N2           0.0229180 0.0235620 0.0235806 0.0235620 0.0242315 0.0235806 0.0059607 0.0047513 0.0047486 0.0183601 0.0183601 0.0053506 0.0023646 0.0023646 0.0000010 0.0000024 0.0000010 0.0000010 0.0000024 0.0000000 0.0228487 0.0228305 0.0924818 0.2594251 0.2015996 0.1752068 0.2579309 0.2587153 0.2613931 0.0614462 0.0623058 0.2503624 0.1700634 0.1596636 0.2507069 0.1528456 0.1092217 0.1472827 0.1486805 0.0725293 0.1744082 0.1755586 0.1392980 0.2348394 0.1420804 0.1420804 0.1529952 0.1526072 0.2546702 0.2560095 0.2471641 0.2391636 0.2358333 0.2483723 0.2470602 0.2352615 0.2471564 0.2372223 0.2468903 0.4312421 
EPI4770086|HA|A/duck/Madagascar/74500/2025|EPI_ISL_20231991|A_/_H6N2           0.0229271 0.0222795 0.0222971 0.0222795 0.0229452 0.0222971 0.0281355 0.0267790 0.0267636 0.0228432 0.0228432 0.0267754 0.0209389 0.0209389 0.0223842 0.0215694 0.0228339 0.0228339 0.0228583 0.0228487 0.0000000 0.0000024 0.0987533 0.2623971 0.2000645 0.1755528 0.2608966 0.2616933 0.2643804 0.0584889 0.0593348 0.2527938 0.1656540 0.1574940 0.2548232 0.1508473 0.1006454 0.1446335 0.1460077 0.0741030 0.1700386 0.1711774 0.1392958 0.2323937 0.1466591 0.1466591 0.1569196 0.1565181 0.2521326 0.2534677 0.2471166 0.2391196 0.2357909 0.2483243 0.2470128 0.2352192 0.2512401 0.2425945 0.2468430 0.4249100 
EPI4770041|HA|A/duck/Madagascar/74197/2025|EPI_ISL_20231982|A_/_H6N2           0.0229097 0.0222627 0.0222802 0.0222627 0.0229278 0.0222802 0.0281128 0.0267579 0.0267420 0.0228249 0.0228249 0.0267538 0.0209222 0.0209222 0.0223662 0.0215526 0.0228156 0.0228156 0.0228404 0.0228305 0.0000024 0.0000000 0.0986669 0.2634339 0.2000645 0.1755528 0.2619325 0.2627328 0.2654209 0.0584403 0.0592844 0.2538036 0.1665758 0.1573316 0.2558539 0.1507025 0.1005546 0.1444992 0.1458716 0.0740399 0.1698711 0.1710087 0.1391625 0.2333834 0.1465210 0.1465210 0.1567714 0.1563707 0.2531431 0.2544787 0.2481215 0.2401198 0.2367860 0.2493293 0.2480172 0.2362172 0.2522655 0.2436184 0.2478471 0.4261459 
A/duck/Madagascar/72868-21/2021_H6N2_HA                                        0.0876011 0.0867878 0.0868627 0.0867878 0.0876768 0.0868627 0.0952675 0.0942330 0.0941732 0.0927459 0.0927459 0.0950731 0.0934470 0.0934470 0.0933589 0.0910459 0.0924106 0.0924106 0.0907314 0.0924818 0.0987533 0.0986669 0.0000000 0.2477038 0.1898136 0.1661057 0.2462469 0.2469773 0.2470830 0.0601709 0.0634201 0.2475849 0.1662043 0.1626158 0.2547208 0.1556340 0.0977596 0.1241966 0.1254370 0.0589737 0.1650329 0.1639681 0.1387071 0.2202928 0.1338640 0.1338640 0.1472974 0.1469402 0.2493329 0.2479799 0.2442221 0.2244308 0.2212441 0.2456289 0.2443337 0.2230072 0.2536698 0.2349901 0.2415289 0.4421678 
EPI2044740|HA|A/chicken/South_Africa/654182/2020|EPI_ISL_12869980|A_/_H6N2     0.2420817 0.2432875 0.2435458 0.2432875 0.2448210 0.2435458 0.2661209 0.2623047 0.2634137 0.2561850 0.2561850 0.2638640 0.2560807 0.2560807 0.2599820 0.2566825 0.2591446 0.2591446 0.2574259 0.2594251 0.2623971 0.2634339 0.2477038 0.0000000 0.0151693 0.0188596 0.0017754 0.0029707 0.0047674 0.2300307 0.2281143 0.0734139 0.1912923 0.1295139 0.0563580 0.1762284 0.2663942 0.2242843 0.2193184 0.2388457 0.2134488 0.2122111 0.1200812 0.0648088 0.2141980 0.2155007 0.2183848 0.2176886 0.0798899 0.0790593 0.0786214 0.0731626 0.0714201 0.0719427 0.0719555 0.0739285 0.0532948 0.0256426 0.0777930 0.5584032 
EPI2044751|HA|A/ostrich/South_Africa/644344/2020|EPI_ISL_12869982|A_/_H6N2     0.1934952 0.1949175 0.1951759 0.1949175 0.1966710 0.1951759 0.2015169 0.2002727 0.2017854 0.2040212 0.2040212 0.2021427 0.1990180 0.1990180 0.2023340 0.2015409 0.2013389 0.2013389 0.1993052 0.2015996 0.2000645 0.2000645 0.1898136 0.0151693 0.0000000 0.0000010 0.0135287 0.0151966 0.0126886 0.1853477 0.1832653 0.0599494 0.1483928 0.1098312 0.0417003 0.1373306 0.2105101 0.1720036 0.1690816 0.1982627 0.1663820 0.1649358 0.0993968 0.0465410 0.1747446 0.1747446 0.1737441 0.1737441 0.0623309 0.0613194 0.0652342 0.0562510 0.0552483 0.0571131 0.0571131 0.0572800 0.0379673 0.0086697 0.0662229 0.4640133 
EPI2044835|HA|A/ostrich/South_Africa/647367/2020|EPI_ISL_12869983|A_/_H6N2     0.1719117 0.1737602 0.1740682 0.1737602 0.1760077 0.1740682 0.1772916 0.1756446 0.1776093 0.1805717 0.1805717 0.1770822 0.1752068 0.1752068 0.1752068 0.1752068 0.1752068 0.1752068 0.1726826 0.1752068 0.1755528 0.1755528 0.1661057 0.0188596 0.0000010 0.0000000 0.0177103 0.0177103 0.0153924 0.1621320 0.1595685 0.0459711 0.1395139 0.1026088 0.0347094 0.1243315 0.1916013 0.1571897 0.1533551 0.1776125 0.1349792 0.1349792 0.0852042 0.0310373 0.1496096 0.1496096 0.1445709 0.1445709 0.0502795 0.0502725 0.0528133 0.0410174 0.0397247 0.0448194 0.0448194 0.0398259 0.0309446 0.0010665 0.0541204 0.4421327 
EPI2044715|HA|A/chicken/South_Africa/645275/2020|EPI_ISL_12869977|A_/_H6N2     0.2406431 0.2418467 0.2421033 0.2418467 0.2433758 0.2421033 0.2646049 0.2608041 0.2619118 0.2547024 0.2547024 0.2623578 0.2545891 0.2545891 0.2599100 0.2551954 0.2576522 0.2576522 0.2559400 0.2579309 0.2608966 0.2619325 0.2462469 0.0017754 0.0135287 0.0177103 0.0000000 0.0023728 0.0029683 0.2286361 0.2267284 0.0725882 0.1876904 0.1284134 0.0570636 0.1750177 0.2650436 0.2228925 0.2179374 0.2374163 0.2121056 0.2108711 0.1190737 0.0640099 0.2128406 0.2141396 0.2170131 0.2163233 0.0790344 0.0782066 0.0777747 0.0723313 0.0705961 0.0711203 0.0711329 0.0730950 0.0539939 0.0249751 0.0769492 0.5601979 
EPI2044723|HA|A/chicken/South_Africa/636697/2020|EPI_ISL_12869978|A_/_H6N2     0.2413480 0.2425562 0.2428144 0.2425562 0.2440920 0.2428144 0.2654213 0.2616006 0.2627123 0.2554710 0.2554710 0.2631620 0.2553621 0.2553621 0.2607109 0.2559679 0.2584349 0.2584349 0.2567140 0.2587153 0.2616933 0.2627328 0.2469773 0.0029707 0.0151966 0.0177103 0.0023728 0.0000000 0.0053762 0.2292856 0.2273685 0.0743244 0.1904908 0.1287045 0.0571574 0.1754508 0.2671561 0.2235245 0.2185507 0.2381074 0.2126863 0.2114470 0.1193214 0.0641554 0.2134294 0.2147337 0.2176197 0.2145526 0.0808410 0.0800062 0.0795610 0.0724577 0.0707185 0.0728478 0.0728608 0.0732230 0.0540815 0.0250112 0.0787286 0.5625388 
EPI2044732|HA|A/chicken/South_Africa/654160/2020|EPI_ISL_12869979|A_/_H6N2     0.2439364 0.2451480 0.2454090 0.2451480 0.2466905 0.2454090 0.2681339 0.2642880 0.2654013 0.2581298 0.2581298 0.2658585 0.2580372 0.2580372 0.2634229 0.2586344 0.2611094 0.2611094 0.2593780 0.2613931 0.2643804 0.2654209 0.2470830 0.0047674 0.0126886 0.0153924 0.0029683 0.0053762 0.0000000 0.2318028 0.2298713 0.0750763 0.1905712 0.1307623 0.0593976 0.1776729 0.2686301 0.2236200 0.2186441 0.2406814 0.2151220 0.2138778 0.1212126 0.0664158 0.2158906 0.2172004 0.2189370 0.2182364 0.0816135 0.0807770 0.0803267 0.0748361 0.0730788 0.0735982 0.0736113 0.0756065 0.0562948 0.0242834 0.0794925 0.5646269 
EPI1890287|HA|A/teal/Egypt/MBD1566C/2018|EPI_ISL_4031376|A_/_H6N2              0.0474157 0.0467064 0.0467446 0.0467064 0.0474545 0.0467446 0.0669172 0.0660357 0.0659952 0.0576955 0.0576955 0.0660349 0.0592806 0.0592806 0.0612407 0.0592170 0.0614020 0.0614020 0.0606290 0.0614462 0.0584889 0.0584403 0.0601709 0.2300307 0.1853477 0.1621320 0.2286361 0.2292856 0.2318028 0.0000000 0.0023057 0.2217120 0.1331178 0.1290903 0.2407244 0.1208393 0.0699488 0.1130068 0.1141674 0.0312998 0.1329499 0.1318902 0.1099251 0.1861190 0.1057434 0.1057434 0.1130417 0.1127995 0.2198203 0.2185431 0.2116703 0.2054820 0.2024947 0.2176083 0.2163815 0.2018648 0.2397601 0.2141817 0.2114397 0.4162311 
EPI1890279|HA|A/teal/Egypt/MBD1556OP/2018|EPI_ISL_4031375|A_/_H6N2             0.0482079 0.0474954 0.0475343 0.0474954 0.0482474 0.0475343 0.0678055 0.0669178 0.0668766 0.0585361 0.0585361 0.0669172 0.0601312 0.0601312 0.0621064 0.0600660 0.0622609 0.0622609 0.0614837 0.0623058 0.0593348 0.0592844 0.0634201 0.2281143 0.1832653 0.1595685 0.2267284 0.2273685 0.2298713 0.0023057 0.0000000 0.2198826 0.1344475 0.1304305 0.2387532 0.1229391 0.0734009 0.1141473 0.1153174 0.0320154 0.1377371 0.1366538 0.1142447 0.1888239 0.1098328 0.1098328 0.1172428 0.1169865 0.2179991 0.2167293 0.2099013 0.2037499 0.2007849 0.2158065 0.2145867 0.2001536 0.2378017 0.2123640 0.2096733 0.4248946 
EPI1551416|HA|A/chicken/South_Africa/N2826/2016|EPI_ISL_378725|A_/_H6N2        0.2343387 0.2355077 0.2357521 0.2355077 0.2369869 0.2357521 0.2567948 0.2531467 0.2542260 0.2456717 0.2456717 0.2546416 0.2471001 0.2471001 0.2535426 0.2477162 0.2500986 0.2500986 0.2484520 0.2503624 0.2527938 0.2538036 0.2475849 0.0734139 0.0599494 0.0459711 0.0725882 0.0743244 0.0750763 0.2217120 0.2198826 0.0000000 0.1665605 0.1137171 0.0778638 0.1526201 0.2588918 0.2147182 0.2099202 0.2252410 0.1832181 0.1820815 0.1065193 0.0420166 0.2129401 0.2129401 0.2142826 0.2148924 0.0140460 0.0134174 0.0084216 0.0473256 0.0458009 0.0059724 0.0059733 0.0479989 0.0729339 0.0586454 0.0078090 0.5573302 
EPI102741|HA|A/chicken/South_Africa/UP1102/02|EPI_ISL_10108|A_/_H6N2           0.1531630 0.1521152 0.1522661 0.1521152 0.1533150 0.1522661 0.1711435 0.1726177 0.1724891 0.1698076 0.1698076 0.1726980 0.1670793 0.1670793 0.1720508 0.1678536 0.1699001 0.1699001 0.1686165 0.1700634 0.1656540 0.1665758 0.1662043 0.1912923 0.1483928 0.1395139 0.1876904 0.1904908 0.1905712 0.1331178 0.1344475 0.1665605 0.0000000 0.0640056 0.1936166 0.0208469 0.1728891 0.1119823 0.1130171 0.1341346 0.0649351 0.0641431 0.0559963 0.1481930 0.1266228 0.1266228 0.1336831 0.1333509 0.1751633 0.1739807 0.1673116 0.1568208 0.1543258 0.1660934 0.1672538 0.1557174 0.1883012 0.1631513 0.1661505 0.4624622 
EPI102711|HA|A/chicken/South_Africa/AL19/02|EPI_ISL_10109|A_/_H6N2             0.1459161 0.1448587 0.1450054 0.1448587 0.1460640 0.1450054 0.1660680 0.1643991 0.1642739 0.1562197 0.1562197 0.1644710 0.1566435 0.1566435 0.1615575 0.1574506 0.1595083 0.1595083 0.1582350 0.1596636 0.1574940 0.1573316 0.1626158 0.1295139 0.1098312 0.1026088 0.1284134 0.1287045 0.1307623 0.1290903 0.1304305 0.1137171 0.0640056 0.0000000 0.1335078 0.0654324 0.1795334 0.1122714 0.1113472 0.1340150 0.0959687 0.0950489 0.0133640 0.0908647 0.1177790 0.1177790 0.1218191 0.1215196 0.1196686 0.1186471 0.1140299 0.0999905 0.0979697 0.1105677 0.1115600 0.1009433 0.1310623 0.1073957 0.1130249 0.5107153 
EPI2044644|HA|A/chicken/South_Africa/387087/2019|EPI_ISL_12864553|A_/_H6N2     0.2375133 0.2387097 0.2389624 0.2387097 0.2402267 0.2389624 0.2572684 0.2535459 0.2546462 0.2489336 0.2489336 0.2550709 0.2473821 0.2473821 0.2539536 0.2466699 0.2504377 0.2504377 0.2487585 0.2507069 0.2548232 0.2558539 0.2547208 0.0563580 0.0417003 0.0347094 0.0570636 0.0571574 0.0593976 0.2407244 0.2387532 0.0778638 0.1936166 0.1335078 0.0000000 0.1751271 0.2729363 0.2322534 0.2285407 0.2393131 0.2045702 0.2033611 0.1227990 0.0673141 0.2278122 0.2291430 0.2357274 0.2349557 0.0841787 0.0833338 0.0828652 0.0757369 0.0739701 0.0760656 0.0760793 0.0764628 0.0059932 0.0396179 0.0836950 0.5576822 
EPI669015|HA|A/chicken/South_Africa/AL25/2002|EPI_ISL_200919|A_/_H6N2          0.1373787 0.1364071 0.1365359 0.1364071 0.1375084 0.1365359 0.1558511 0.1571974 0.1570861 0.1536186 0.1536186 0.1572566 0.1500505 0.1500505 0.1545253 0.1508111 0.1527079 0.1527079 0.1515441 0.1528456 0.1508473 0.1507025 0.1556340 0.1762284 0.1373306 0.1243315 0.1750177 0.1754508 0.1776729 0.1208393 0.1229391 0.1526201 0.0208469 0.0654324 0.1751271 0.0000000 0.1573595 0.1002976 0.1012486 0.1235533 0.0638012 0.0630064 0.0545390 0.1394449 0.1149240 0.1149240 0.1214178 0.1211397 0.1626219 0.1615204 0.1553570 0.1456380 0.1432255 0.1542262 0.1553080 0.1445034 0.1702668 0.1522504 0.1542745 0.4505943 
EPI3145510|HA|A/ostrich/South_Africa/AI9145-P42/2023|EPI_ISL_19009636|A_/_H6N2 0.0923797 0.0915411 0.0916219 0.0915411 0.0908060 0.0916219 0.1132162 0.1120537 0.1119787 0.1082607 0.1082607 0.1120716 0.1067290 0.1067290 0.1082881 0.1074755 0.1091330 0.1091330 0.1081750 0.1092217 0.1006454 0.1005546 0.0977596 0.2663942 0.2105101 0.1916013 0.2650436 0.2671561 0.2686301 0.0699488 0.0734009 0.2588918 0.1728891 0.1795334 0.2729363 0.1573595 0.0000000 0.1499494 0.1494158 0.0689103 0.1698182 0.1686035 0.1546555 0.2247007 0.1486267 0.1486267 0.1497135 0.1493391 0.2552765 0.2579995 0.2514189 0.2510693 0.2475861 0.2568164 0.2554662 0.2470340 0.2753017 0.2615931 0.2511360 0.4382910 
EPI372371|HA|A/shoveler/Egypt/13251-NAMRU3/2006|EPI_ISL_120196|A_/_H6N2        0.1394001 0.1384380 0.1385670 0.1384380 0.1395300 0.1385670 0.1508287 0.1494131 0.1493105 0.1479254 0.1479254 0.1515187 0.1445790 0.1445790 0.1488497 0.1453256 0.1471543 0.1471543 0.1460411 0.1472827 0.1446335 0.1444992 0.1241966 0.2242843 0.1720036 0.1571897 0.2228925 0.2235245 0.2236200 0.1130068 0.1141473 0.2147182 0.1119823 0.1122714 0.2322534 0.1002976 0.1499494 0.0000000 0.0047578 0.1105679 0.1395500 0.1385503 0.0949001 0.1866930 0.1017077 0.1017077 0.1073359 0.1071052 0.2136825 0.2124108 0.2045526 0.1984878 0.1955387 0.2104638 0.2117345 0.1971467 0.2302460 0.2037061 0.2080599 0.4394018 
EPI372386|HA|A/teal/Egypt/13203-NAMRU3/2006|EPI_ISL_120198|A_/_H6N2            0.1407473 0.1397791 0.1399099 0.1397791 0.1408790 0.1399099 0.1522568 0.1508267 0.1507217 0.1493245 0.1493245 0.1529470 0.1459630 0.1459630 0.1502705 0.1467109 0.1485501 0.1485501 0.1474288 0.1486805 0.1460077 0.1458716 0.1254370 0.2193184 0.1690816 0.1533551 0.2179374 0.2185507 0.2186441 0.1141674 0.1153174 0.2099202 0.1130171 0.1113472 0.2285407 0.1012486 0.1494158 0.0047578 0.0000000 0.1117163 0.1396362 0.1386352 0.0940631 0.1821463 0.1017359 0.1017359 0.1073682 0.1071373 0.2088900 0.2076278 0.1998370 0.1960726 0.1931420 0.2057093 0.2069703 0.1947377 0.2265537 0.1988998 0.2033210 0.4384033 
EPI1370644|HA|A/Eurasian-teal/Egypt/P2-29/2017|EPI_ISL_341563|A_/_H6N2         0.0608086 0.0600625 0.0601128 0.0600625 0.0608594 0.0601128 0.0750938 0.0741654 0.0741192 0.0717100 0.0717100 0.0749513 0.0734097 0.0734097 0.0731944 0.0709957 0.0724756 0.0724756 0.0716619 0.0725293 0.0741030 0.0740399 0.0589737 0.2388457 0.1982627 0.1776125 0.2374163 0.2381074 0.2406814 0.0312998 0.0320154 0.2252410 0.1341346 0.1340150 0.2393131 0.1235533 0.0689103 0.1105679 0.1117163 0.0000000 0.1364159 0.1354179 0.1128007 0.1965415 0.1160773 0.1160773 0.1255985 0.1253092 0.2280718 0.2267654 0.2220636 0.2098365 0.2090823 0.2234186 0.2247218 0.2084595 0.2383462 0.2213673 0.2194727 0.4295316 
EPI841756|HA|A/chicken/South_Africa/BKR2/2012|EPI_ISL_235195|A_/_H6N2          0.1555705 0.1545433 0.1546930 0.1545433 0.1557213 0.1546930 0.1807499 0.1790583 0.1789278 0.1730706 0.1730706 0.1791449 0.1714817 0.1714817 0.1752792 0.1722308 0.1742440 0.1742440 0.1729742 0.1744082 0.1700386 0.1698711 0.1650329 0.2134488 0.1663820 0.1349792 0.2121056 0.2126863 0.2151220 0.1329499 0.1377371 0.1832181 0.0649351 0.0959687 0.2045702 0.0638012 0.1698182 0.1395500 0.1396362 0.1364159 0.0000000 0.0005804 0.0789581 0.1636552 0.1391511 0.1391511 0.1449555 0.1445975 0.1883988 0.1895603 0.1849194 0.1712278 0.1685601 0.1815250 0.1826964 0.1657842 0.2027611 0.1880514 0.1837425 0.4735129 
EPI841751|HA|A/chicken/South_Africa/BKR4/2012|EPI_ISL_235194|A_/_H6N2          0.1566588 0.1556289 0.1557798 0.1556289 0.1568107 0.1557798 0.1819222 0.1802216 0.1800901 0.1742153 0.1742153 0.1803098 0.1726272 0.1726272 0.1764428 0.1733750 0.1753931 0.1753931 0.1741183 0.1755586 0.1711774 0.1710087 0.1639681 0.2122111 0.1649358 0.1349792 0.2108711 0.2114470 0.2138778 0.1318902 0.1366538 0.1820815 0.0641431 0.0950489 0.2033611 0.0630064 0.1686035 0.1385503 0.1386352 0.1354179 0.0005804 0.0000000 0.0781456 0.1624661 0.1380755 0.1380755 0.1438611 0.1435072 0.1872468 0.1884056 0.1837824 0.1701174 0.1674592 0.1803959 0.1815644 0.1646868 0.2015523 0.1868717 0.1826083 0.4717213 
EPI841740|HA|A/chicken/South_Africa/W04/2002|EPI_ISL_235193|A_/_H6N2           0.1262595 0.1271788 0.1272984 0.1271788 0.1282526 0.1272984 0.1449377 0.1435188 0.1434177 0.1381348 0.1381348 0.1435641 0.1365526 0.1365526 0.1408084 0.1373239 0.1391744 0.1391744 0.1380601 0.1392980 0.1392958 0.1391625 0.1387071 0.1200812 0.0993968 0.0852042 0.1190737 0.1193214 0.1212126 0.1099251 0.1142447 0.1065193 0.0559963 0.0133640 0.1227990 0.0545390 0.1546555 0.0949001 0.0940631 0.1128007 0.0789581 0.0781456 0.0000000 0.0868966 0.1030208 0.1030208 0.1065659 0.1063348 0.1098752 0.1089425 0.1067892 0.0922040 0.0902906 0.1036207 0.1045374 0.0930211 0.1205859 0.0997248 0.1058616 0.4460168 
EPI841732|HA|A/chicken/South_Africa/MAS/2013|EPI_ISL_235192|A_/_H6N2           0.2171864 0.2183193 0.2185434 0.2183193 0.2197374 0.2185434 0.2409982 0.2375346 0.2385914 0.2279646 0.2279646 0.2389612 0.2316345 0.2316345 0.2351668 0.2322879 0.2345968 0.2345968 0.2330287 0.2348394 0.2323937 0.2333834 0.2202928 0.0648088 0.0465410 0.0310373 0.0640099 0.0641554 0.0664158 0.1861190 0.1888239 0.0420166 0.1481930 0.0908647 0.0673141 0.1394449 0.2247007 0.1866930 0.1821463 0.1965415 0.1636552 0.1624661 0.0868966 0.0000000 0.1812764 0.1812764 0.1825120 0.1798598 0.0429896 0.0422774 0.0433668 0.0365999 0.0351584 0.0377842 0.0377904 0.0358853 0.0625825 0.0432544 0.0426549 0.5467816 
EPI310333|HA|A/duck_/Zambia/03/2008|EPI_ISL_88223|A_/_H6N2                     0.1379794 0.1370161 0.1371442 0.1370161 0.1362162 0.1371442 0.1476379 0.1462345 0.1461330 0.1474273 0.1474273 0.1472674 0.1412949 0.1412949 0.1415994 0.1424079 0.1419567 0.1419567 0.1408579 0.1420804 0.1466591 0.1465210 0.1338640 0.2141980 0.1747446 0.1496096 0.2128406 0.2134294 0.2158906 0.1057434 0.1098328 0.2129401 0.1266228 0.1177790 0.2278122 0.1149240 0.1486267 0.1017077 0.1017359 0.1160773 0.1391511 0.1380755 0.1030208 0.1812764 0.0000000 0.0011477 0.0247875 0.0247511 0.2048769 0.2036292 0.2028475 0.2061256 0.2031083 0.2064311 0.2076881 0.2024743 0.2245218 0.1990470 0.2063319 0.4552497 
EPI310325|HA|A/duck/Zambia/02/2008|EPI_ISL_88222|A_/_H6N2                      0.1379794 0.1370161 0.1371442 0.1370161 0.1362162 0.1371442 0.1476379 0.1462345 0.1461330 0.1474273 0.1474273 0.1472674 0.1412949 0.1412949 0.1415994 0.1424079 0.1419567 0.1419567 0.1408579 0.1420804 0.1466591 0.1465210 0.1338640 0.2155007 0.1747446 0.1496096 0.2141396 0.2147337 0.2172004 0.1057434 0.1098328 0.2129401 0.1266228 0.1177790 0.2291430 0.1149240 0.1486267 0.1017077 0.1017359 0.1160773 0.1391511 0.1380755 0.1030208 0.1812764 0.0011477 0.0000000 0.0247875 0.0247511 0.2048769 0.2036292 0.2028475 0.2036558 0.2006595 0.2064311 0.2076881 0.2000211 0.2258410 0.2003099 0.2063319 0.4516450 
EPI310373|HA|A/duck/Zambia/08/2009|EPI_ISL_88228|A_/_H6N2                      0.1481363 0.1471550 0.1472918 0.1471550 0.1482750 0.1472918 0.1587435 0.1572653 0.1571551 0.1536341 0.1536341 0.1583330 0.1522079 0.1522079 0.1526015 0.1519941 0.1528599 0.1528599 0.1517189 0.1529952 0.1569196 0.1567714 0.1472974 0.2183848 0.1737441 0.1445709 0.2170131 0.2176197 0.2189370 0.1130417 0.1172428 0.2142826 0.1336831 0.1218191 0.2357274 0.1214178 0.1497135 0.1073359 0.1073682 0.1255985 0.1449555 0.1438611 0.1065659 0.1825120 0.0247875 0.0247875 0.0000000 0.0022996 0.2049318 0.2061524 0.2018727 0.2064089 0.2033833 0.2077464 0.2090082 0.2050404 0.2323654 0.2019462 0.2053578 0.4688969 
EPI310389|HA|A/duck/Zambia/10/2009|EPI_ISL_88230|A_/_H6N2                      0.1477679 0.1467901 0.1469271 0.1467901 0.1479059 0.1469271 0.1583330 0.1568617 0.1567531 0.1532460 0.1532460 0.1579251 0.1518221 0.1518221 0.1522115 0.1516101 0.1524737 0.1524737 0.1513365 0.1526072 0.1565181 0.1563707 0.1469402 0.2176886 0.1737441 0.1445709 0.2163233 0.2145526 0.2182364 0.1127995 0.1169865 0.2148924 0.1333509 0.1215196 0.2349557 0.1211397 0.1493391 0.1071052 0.1071373 0.1253092 0.1445975 0.1435072 0.1063348 0.1798598 0.0247511 0.0247511 0.0022996 0.0000000 0.2055610 0.2067793 0.2025060 0.2057764 0.2027657 0.2083680 0.2096274 0.2044140 0.2316113 0.2013239 0.2059841 0.4635606 
EPI1790336|HA|A/chicken/South_Africa/402385/2016|EPI_ISL_506055|A_/_H6N2       0.2374206 0.2385948 0.2388428 0.2385948 0.2400836 0.2388428 0.2611602 0.2574711 0.2585534 0.2474714 0.2474714 0.2589808 0.2514018 0.2514018 0.2566154 0.2520052 0.2544012 0.2544012 0.2527373 0.2546702 0.2521326 0.2531431 0.2493329 0.0798899 0.0623309 0.0502795 0.0790344 0.0808410 0.0816135 0.2198203 0.2179991 0.0140460 0.1751633 0.1196686 0.0841787 0.1626219 0.2552765 0.2136825 0.2088900 0.2280718 0.1883988 0.1872468 0.1098752 0.0429896 0.2048769 0.2048769 0.2049318 0.2055610 0.0000000 0.0017753 0.0165993 0.0498054 0.0482527 0.0102903 0.0102919 0.0504867 0.0791028 0.0646396 0.0159613 0.5417948 
EPI1790328|HA|A/chicken/South_Africa/401156/2016|EPI_ISL_506054|A_/_H6N2       0.2387129 0.2398889 0.2401382 0.2398889 0.2413810 0.2401382 0.2625172 0.2588155 0.2598987 0.2487940 0.2487940 0.2603298 0.2527394 0.2527394 0.2579717 0.2533388 0.2557390 0.2557390 0.2540697 0.2560095 0.2534677 0.2544787 0.2479799 0.0790593 0.0613194 0.0502725 0.0782066 0.0800062 0.0807770 0.2185431 0.2167293 0.0134174 0.1739807 0.1186471 0.0833338 0.1615204 0.2579995 0.2124108 0.2076278 0.2267654 0.1895603 0.1884056 0.1089425 0.0422774 0.2036292 0.2036292 0.2061524 0.2067793 0.0017753 0.0000000 0.0159631 0.0490690 0.0475220 0.0096723 0.0096737 0.0497490 0.0782740 0.0638539 0.0153269 0.5420252 
EPI1790320|HA|A/chicken/South_Africa/398997/2016|EPI_ISL_506053|A_/_H6N2       0.2312912 0.2324529 0.2326935 0.2324529 0.2339202 0.2326935 0.2535367 0.2499288 0.2510030 0.2451753 0.2451753 0.2514087 0.2439149 0.2439149 0.2490092 0.2445387 0.2469049 0.2469049 0.2452753 0.2471641 0.2471166 0.2481215 0.2442221 0.0786214 0.0652342 0.0528133 0.0777747 0.0795610 0.0803267 0.2116703 0.2099013 0.0084216 0.1673116 0.1140299 0.0828652 0.1553570 0.2514189 0.2045526 0.1998370 0.2220636 0.1849194 0.1837824 0.1067892 0.0433668 0.2028475 0.2028475 0.2018727 0.2025060 0.0165993 0.0159631 0.0000000 0.0517682 0.0502079 0.0084158 0.0084171 0.0524492 0.0778413 0.0650804 0.0029629 0.5536409 
EPI1790312|HA|A/chicken/South_Africa/344579/2015|EPI_ISL_506052|A_/_H6N2       0.2200234 0.2211618 0.2213890 0.2211618 0.2225892 0.2213890 0.2454254 0.2418954 0.2429632 0.2348040 0.2348040 0.2433471 0.2359286 0.2359286 0.2421747 0.2352845 0.2389141 0.2389141 0.2373175 0.2391636 0.2391196 0.2401198 0.2244308 0.0731626 0.0562510 0.0410174 0.0723313 0.0724577 0.0748361 0.2054820 0.2037499 0.0473256 0.1568208 0.0999905 0.0757369 0.1456380 0.2510693 0.1984878 0.1960726 0.2098365 0.1712278 0.1701174 0.0922040 0.0365999 0.2061256 0.2036558 0.2064089 0.2057764 0.0498054 0.0490690 0.0517682 0.0000000 0.0011808 0.0443782 0.0443856 0.0047624 0.0708250 0.0523010 0.0510249 0.5435858 
EPI1790304|HA|A/chicken/South_Africa/344378/2015|EPI_ISL_506051|A_/_H6N2       0.2169047 0.2180348 0.2182581 0.2180348 0.2194491 0.2182581 0.2420292 0.2385428 0.2396044 0.2315181 0.2315181 0.2399783 0.2326146 0.2326146 0.2387873 0.2319876 0.2355886 0.2355886 0.2340106 0.2358333 0.2357909 0.2367860 0.2212441 0.0714201 0.0552483 0.0397247 0.0705961 0.0707185 0.0730788 0.2024947 0.2007849 0.0458009 0.1543258 0.0979697 0.0739701 0.1432255 0.2475861 0.1955387 0.1931420 0.2090823 0.1685601 0.1674592 0.0902906 0.0351584 0.2031083 0.2006595 0.2033833 0.2027657 0.0482527 0.0475220 0.0502079 0.0011808 0.0000000 0.0428779 0.0428850 0.0035572 0.0690994 0.0507207 0.0494705 0.5454649 
EPI1790296|HA|A/chicken/South_Africa/341797/2015|EPI_ISL_506050|A_/_H6N2       0.2324642 0.2336271 0.2338688 0.2336271 0.2350969 0.2338688 0.2547583 0.2511405 0.2522151 0.2437151 0.2437151 0.2526239 0.2451227 0.2451227 0.2502318 0.2457428 0.2481117 0.2481117 0.2464780 0.2483723 0.2483243 0.2493293 0.2456289 0.0719427 0.0571131 0.0448194 0.0711203 0.0728478 0.0735982 0.2176083 0.2158065 0.0059724 0.1660934 0.1105677 0.0760656 0.1542262 0.2568164 0.2104638 0.2057093 0.2234186 0.1815250 0.1803959 0.1036207 0.0377842 0.2064311 0.2064311 0.2077464 0.2083680 0.0102903 0.0096723 0.0084158 0.0443782 0.0428779 0.0000000 0.0011813 0.0450458 0.0711792 0.0572253 0.0078037 0.5556659 
EPI1790288|HA|A/chicken/South_Africa/339678/2015|EPI_ISL_506049|A_/_H6N2       0.2311968 0.2323579 0.2325984 0.2323579 0.2338244 0.2325984 0.2534291 0.2498235 0.2508972 0.2424155 0.2424155 0.2513025 0.2438123 0.2438123 0.2489032 0.2444362 0.2468012 0.2468012 0.2451726 0.2470602 0.2470128 0.2480172 0.2443337 0.0719555 0.0571131 0.0448194 0.0711329 0.0728608 0.0736113 0.2163815 0.2145867 0.0059733 0.1672538 0.1115600 0.0760793 0.1553080 0.2554662 0.2117345 0.2069703 0.2247218 0.1826964 0.1815644 0.1045374 0.0377904 0.2076881 0.2076881 0.2090082 0.2096274 0.0102919 0.0096737 0.0084171 0.0443856 0.0428850 0.0011813 0.0000000 0.0450533 0.0711919 0.0572352 0.0078048 0.5537457 
EPI1790280|HA|A/chicken/South_Africa/338087/2015|EPI_ISL_506048|A_/_H6N2       0.2163007 0.2174335 0.2176568 0.2174335 0.2188505 0.2176568 0.2414698 0.2379774 0.2390421 0.2309377 0.2309377 0.2394156 0.2320334 0.2320334 0.2382170 0.2314070 0.2350167 0.2350167 0.2334360 0.2352615 0.2352192 0.2362172 0.2230072 0.0739285 0.0572800 0.0398259 0.0730950 0.0732230 0.0756065 0.2018648 0.2001536 0.0479989 0.1557174 0.1009433 0.0764628 0.1445034 0.2470340 0.1971467 0.1947377 0.2084595 0.1657842 0.1646868 0.0930211 0.0358853 0.2024743 0.2000211 0.2050404 0.2044140 0.0504867 0.0497490 0.0524492 0.0047624 0.0035572 0.0450458 0.0450533 0.0000000 0.0715428 0.0529899 0.0517047 0.5460308 
EPI1790360|HA|A/chicken/South_Africa/432/2019|EPI_ISL_506058|A_/_H6N2          0.2341135 0.2353009 0.2355491 0.2353009 0.2368035 0.2355491 0.2536462 0.2499714 0.2510652 0.2454081 0.2454081 0.2514785 0.2438484 0.2438484 0.2503401 0.2431555 0.2468925 0.2468925 0.2452336 0.2471564 0.2512401 0.2522655 0.2536698 0.0532948 0.0379673 0.0309446 0.0539939 0.0540815 0.0562948 0.2397601 0.2378017 0.0729339 0.1883012 0.1310623 0.0059932 0.1702668 0.2753017 0.2302460 0.2265537 0.2383462 0.2027611 0.2015523 0.1205859 0.0625825 0.2245218 0.2258410 0.2323654 0.2316113 0.0791028 0.0782740 0.0778413 0.0708250 0.0690994 0.0711792 0.0711919 0.0715428 0.0000000 0.0353911 0.0786561 0.5599932 
EPI1790352|HA|A/chicken/South_Africa/H44954/2016|EPI_ISL_506057|A_/_H6N2       0.2231123 0.2242866 0.2245235 0.2242866 0.2257622 0.2245235 0.2435928 0.2400047 0.2410939 0.2341536 0.2341536 0.2414811 0.2339219 0.2339219 0.2402704 0.2345875 0.2369699 0.2369699 0.2353475 0.2372223 0.2425945 0.2436184 0.2349901 0.0256426 0.0086697 0.0010665 0.0249751 0.0250112 0.0242834 0.2141817 0.2123640 0.0586454 0.1631513 0.1073957 0.0396179 0.1522504 0.2615931 0.2037061 0.1988998 0.2213673 0.1880514 0.1868717 0.0997248 0.0432544 0.1990470 0.2003099 0.2019462 0.2013239 0.0646396 0.0638539 0.0650804 0.0523010 0.0507207 0.0572253 0.0572352 0.0529899 0.0353911 0.0000000 0.0642921 0.5503653 
