58
EPI3879536|NA|A/duck/Madagascar/82059/2024|EPI_ISL_19704266|A_/_H6N2           0.0000000 0.0000010 0.0000029 0.1308676 0.1319832 0.1321248 0.1353909 0.1353909 0.1342253 0.1342253 0.1364824 0.1364824 0.1366294 0.1339841 0.1323532 0.1347991 0.1336226 0.1336226 0.1337668 0.1359595 0.1347870 0.0895116 0.3123932 0.2891455 0.2891455 0.3093839 0.3076895 0.2852667 0.1365732 0.1365732 0.2553552 0.1584363 0.1732436 0.2510279 0.1588821 0.1253203 0.1225704 0.1217239 0.1384492 0.1802578 0.1802578 0.1667184 0.2445839 0.1210384 0.1210588 0.1273394 0.1262229 0.2574639 0.2509889 0.2559239 0.2527231 0.2510279 0.2527920 0.2469403 0.2642447 0.2852667 0.2626165 0.1588821 
EPI3748431|NA|A/duck/Madagascar/81836/2024|EPI_ISL_19638439|A_/_H6N2           0.0000010 0.0000000 0.0000029 0.1308676 0.1319832 0.1321248 0.1353909 0.1353909 0.1342253 0.1342253 0.1364824 0.1364824 0.1366294 0.1339841 0.1323532 0.1347991 0.1336226 0.1336226 0.1337668 0.1359595 0.1347870 0.0895116 0.3123932 0.2891455 0.2891455 0.3093839 0.3076895 0.2852667 0.1365732 0.1365732 0.2553552 0.1584363 0.1732436 0.2510279 0.1588821 0.1253203 0.1225704 0.1217239 0.1384492 0.1802578 0.1802578 0.1667184 0.2445839 0.1210384 0.1210588 0.1273394 0.1262229 0.2574639 0.2509889 0.2559239 0.2527231 0.2510279 0.2527920 0.2469403 0.2642447 0.2852667 0.2626165 0.1588821 
EPI3748425|NA|A/duck/Madagascar/81833/2024|EPI_ISL_19638438|A_/_H6N2           0.0000029 0.0000029 0.0000000 0.1309793 0.1320960 0.1322378 0.1355070 0.1355070 0.1343403 0.1343403 0.1365994 0.1365994 0.1367468 0.1340993 0.1324665 0.1349152 0.1337375 0.1337375 0.1338820 0.1360767 0.1349031 0.0886148 0.3127254 0.2894482 0.2894482 0.3097115 0.3080153 0.2855628 0.1355714 0.1355714 0.2540563 0.1585772 0.1734098 0.2497387 0.1578285 0.1254259 0.1226728 0.1218257 0.1374389 0.1804228 0.1804228 0.1668840 0.2433048 0.1211390 0.1211594 0.1274456 0.1263280 0.2561683 0.2496997 0.2546295 0.2514319 0.2497387 0.2515003 0.2456597 0.2629089 0.2855628 0.2613156 0.1578285 
EPI5132309|NA|A/duck/Madagascar/78273/2025|EPI_ISL_20360498|A_/_H6N2           0.1308676 0.1308676 0.1309793 0.0000000 0.0000029 0.0000029 0.0021380 0.0021380 0.0014231 0.0014231 0.0199939 0.0199939 0.0200116 0.0208720 0.0200498 0.0216048 0.0208276 0.0208276 0.0208461 0.0223808 0.0216033 0.1046822 0.2639619 0.2456140 0.2456140 0.2612452 0.2596086 0.2422059 0.1245489 0.1245489 0.2197479 0.1484696 0.1441277 0.2239274 0.1486322 0.0426908 0.1245101 0.1236497 0.1240287 0.1600834 0.1600834 0.1249140 0.1990903 0.1083107 0.1110062 0.1139189 0.1128445 0.2203622 0.2156925 0.2204318 0.2255777 0.2239274 0.2204758 0.2135388 0.2292706 0.2422059 0.2319603 0.1486322 
EPI5132317|NA|A/goose/Madagascar/78289/2025|EPI_ISL_20360499|A_/_H6N2          0.1319832 0.1319832 0.1320960 0.0000029 0.0000000 0.0000029 0.0021373 0.0021373 0.0014229 0.0014229 0.0199922 0.0199922 0.0200098 0.0208693 0.0200478 0.0216029 0.0208258 0.0208258 0.0208442 0.0223789 0.0216014 0.1046752 0.2639586 0.2456094 0.2456094 0.2612417 0.2596050 0.2422011 0.1245417 0.1245417 0.2212508 0.1484618 0.1441194 0.2239214 0.1486246 0.0426872 0.1245027 0.1236422 0.1240215 0.1600756 0.1600756 0.1249055 0.1990831 0.1083038 0.1109991 0.1139120 0.1128375 0.2203560 0.2171788 0.2219307 0.2255718 0.2239214 0.2204696 0.2135323 0.2292648 0.2422011 0.2319549 0.1486246 
EPI5132296|NA|A/duck/Madagascar/78071/2025|EPI_ISL_20360496|A_/_H6N2           0.1321248 0.1321248 0.1322378 0.0000029 0.0000029 0.0000000 0.0021396 0.0021396 0.0014242 0.0014242 0.0200098 0.0200098 0.0200274 0.0208887 0.0200657 0.0216221 0.0208442 0.0208442 0.0208627 0.0223987 0.0216205 0.1047835 0.2643120 0.2459325 0.2459325 0.2615899 0.2599509 0.2425169 0.1246723 0.1246723 0.2215351 0.1486289 0.1442905 0.2226377 0.1487882 0.0427264 0.1246358 0.1237746 0.1241522 0.1602586 0.1602586 0.1250566 0.1978390 0.1084156 0.1111147 0.1140293 0.1129537 0.2206378 0.2174560 0.2222147 0.2242857 0.2226377 0.2207517 0.2138036 0.2295646 0.2425169 0.2306606 0.1487882 
EPI5132301|NA|A/duck/Madagascar/78271/2025|EPI_ISL_20360497|A_/_H6N2           0.1353909 0.1353909 0.1355070 0.0021380 0.0021373 0.0021396 0.0000000 0.0000010 0.0007101 0.0007101 0.0207502 0.0207502 0.0207685 0.0216333 0.0208081 0.0223670 0.0215880 0.0215880 0.0216072 0.0231446 0.0223654 0.1056592 0.2636644 0.2453418 0.2453418 0.2609521 0.2593174 0.2419397 0.1278381 0.1278381 0.2210177 0.1496611 0.1439859 0.2236854 0.1522053 0.0451997 0.1278594 0.1269993 0.1273298 0.1638534 0.1638534 0.1247897 0.1988794 0.1114656 0.1142009 0.1170974 0.1160140 0.2201249 0.2169517 0.2216975 0.2253337 0.2236854 0.2202383 0.2133105 0.2290180 0.2419397 0.2317087 0.1522053 
EPI5132280|NA|A/duck/Madagascar/78069/2025|EPI_ISL_20360494|A_/_H6N2           0.1353909 0.1353909 0.1355070 0.0021380 0.0021373 0.0021396 0.0000010 0.0000000 0.0007101 0.0007101 0.0207502 0.0207502 0.0207685 0.0216333 0.0208081 0.0223670 0.0215880 0.0215880 0.0216072 0.0231446 0.0223654 0.1056592 0.2636644 0.2453418 0.2453418 0.2609521 0.2593174 0.2419397 0.1278381 0.1278381 0.2210177 0.1496611 0.1439859 0.2236854 0.1522053 0.0451997 0.1278594 0.1269993 0.1273298 0.1638534 0.1638534 0.1247897 0.1988794 0.1114656 0.1142009 0.1170974 0.1160140 0.2201249 0.2169517 0.2216975 0.2253337 0.2236854 0.2202383 0.2133105 0.2290180 0.2419397 0.2317087 0.1522053 
EPI5132288|NA|A/duck/Madagascar/78070/2025|EPI_ISL_20360495|A_/_H6N2           0.1342253 0.1342253 0.1343403 0.0014231 0.0014229 0.0014242 0.0007101 0.0007101 0.0000000 0.0000010 0.0199803 0.0199803 0.0199979 0.0208567 0.0200359 0.0215900 0.0208133 0.0208133 0.0208317 0.0223654 0.0215884 0.1067520 0.2636644 0.2453418 0.2453418 0.2609521 0.2593174 0.2419397 0.1267120 0.1267120 0.2210177 0.1484131 0.1439859 0.2236854 0.1509773 0.0443533 0.1267126 0.1258525 0.1261997 0.1625553 0.1625553 0.1247897 0.1988794 0.1103883 0.1131094 0.1160111 0.1149309 0.2201249 0.2169517 0.2216975 0.2253337 0.2236854 0.2202383 0.2133105 0.2290180 0.2419397 0.2317087 0.1509773 
EPI5132250|NA|A/duck/Madagascar/77877/2025|EPI_ISL_20360490|A_/_H6N2           0.1342253 0.1342253 0.1343403 0.0014231 0.0014229 0.0014242 0.0007101 0.0007101 0.0000010 0.0000000 0.0199803 0.0199803 0.0199979 0.0208567 0.0200359 0.0215900 0.0208133 0.0208133 0.0208317 0.0223654 0.0215884 0.1067520 0.2636644 0.2453418 0.2453418 0.2609521 0.2593174 0.2419397 0.1267120 0.1267120 0.2210177 0.1484131 0.1439859 0.2236854 0.1509773 0.0443533 0.1267126 0.1258525 0.1261997 0.1625553 0.1625553 0.1247897 0.1988794 0.1103883 0.1131094 0.1160111 0.1149309 0.2201249 0.2169517 0.2216975 0.2253337 0.2236854 0.2202383 0.2133105 0.2290180 0.2419397 0.2317087 0.1509773 
EPI4576249|NA|A/duck/Madagascar/72065/2025|EPI_ISL_20090034|A_/_H6N2           0.1364824 0.1364824 0.1365994 0.0199939 0.0199922 0.0200098 0.0207502 0.0207502 0.0199803 0.0199803 0.0000000 0.0000010 0.0000010 0.0050396 0.0043040 0.0057564 0.0050293 0.0050293 0.0050336 0.0064846 0.0057560 0.1066980 0.2638219 0.2487364 0.2487364 0.2611073 0.2594716 0.2452904 0.1288655 0.1288655 0.2242290 0.1545881 0.1518222 0.2269037 0.1483720 0.0485944 0.1295727 0.1287088 0.1283614 0.1730200 0.1730200 0.1312727 0.2004878 0.1113573 0.1140883 0.1153183 0.1142364 0.2233183 0.2201258 0.2249003 0.2285623 0.2269037 0.2234335 0.2164534 0.2289989 0.2452904 0.2349737 0.1483720 
EPI4576256|NA|A/duck/Madagascar/72068/2025|EPI_ISL_20090035|A_/_H6N2           0.1364824 0.1364824 0.1365994 0.0199939 0.0199922 0.0200098 0.0207502 0.0207502 0.0199803 0.0199803 0.0000010 0.0000000 0.0000010 0.0050396 0.0043040 0.0057564 0.0050293 0.0050293 0.0050336 0.0064846 0.0057560 0.1066980 0.2638219 0.2487364 0.2487364 0.2611073 0.2594716 0.2452904 0.1288655 0.1288655 0.2242290 0.1545881 0.1518222 0.2269037 0.1483720 0.0485944 0.1295727 0.1287088 0.1283614 0.1730200 0.1730200 0.1312727 0.2004878 0.1113573 0.1140883 0.1153183 0.1142364 0.2233183 0.2201258 0.2249003 0.2285623 0.2269037 0.2234335 0.2164534 0.2289989 0.2452904 0.2349737 0.1483720 
EPI4576264|NA|A/goose/Madagascar/72080/2025|EPI_ISL_20090036|A_/_H6N2          0.1366294 0.1366294 0.1367468 0.0200116 0.0200098 0.0200274 0.0207685 0.0207685 0.0199979 0.0199979 0.0000010 0.0000010 0.0000000 0.0050439 0.0043077 0.0057614 0.0050336 0.0050336 0.0050336 0.0064902 0.0057610 0.1068086 0.2641750 0.2490639 0.2490639 0.2614552 0.2598172 0.2456105 0.1290014 0.1290014 0.2245174 0.1547630 0.1520035 0.2271951 0.1485351 0.0486394 0.1297126 0.1288480 0.1284973 0.1732199 0.1732199 0.1314326 0.2007408 0.1114726 0.1142074 0.1154378 0.1143547 0.2236041 0.2204071 0.2251885 0.2288560 0.2271951 0.2237197 0.2167286 0.2292981 0.2456105 0.2352765 0.1485351 
EPI4576297|NA|A/duck/Madagascar/73453/2025|EPI_ISL_20090042|A_/_H6N2           0.1339841 0.1339841 0.1340993 0.0208720 0.0208693 0.0208887 0.0216333 0.0216333 0.0208567 0.0208567 0.0050396 0.0050396 0.0050439 0.0000000 0.0000024 0.0000024 0.0007124 0.0007124 0.0007130 0.0021433 0.0014272 0.1085701 0.2702140 0.2547620 0.2547620 0.2674228 0.2657568 0.2512041 0.1309445 0.1309445 0.2265597 0.1584028 0.1558129 0.2324134 0.1532703 0.0497341 0.1340995 0.1332294 0.1304434 0.1731043 0.1731043 0.1350400 0.2054727 0.1132210 0.1159954 0.1194572 0.1183553 0.2256268 0.2223896 0.2272310 0.2341049 0.2324134 0.2257446 0.2186597 0.2314300 0.2512041 0.2406389 0.1532703 
EPI4576304|NA|A/duck/Madagascar/73470/2025|EPI_ISL_20090043|A_/_H6N2           0.1323532 0.1323532 0.1324665 0.0200498 0.0200478 0.0200657 0.0208081 0.0208081 0.0200359 0.0200359 0.0043040 0.0043040 0.0043077 0.0000024 0.0000000 0.0000029 0.0007119 0.0007119 0.0007125 0.0021417 0.0014258 0.1071409 0.2688934 0.2535575 0.2535575 0.2661255 0.2644702 0.2500315 0.1293593 0.1293593 0.2255488 0.1578368 0.1552271 0.2313693 0.1514712 0.0487422 0.1324519 0.1315847 0.1288553 0.1724608 0.1724608 0.1345392 0.2045961 0.1117676 0.1145137 0.1179623 0.1168684 0.2246258 0.2214087 0.2262201 0.2330500 0.2313693 0.2247424 0.2177045 0.2303744 0.2500315 0.2395432 0.1514712 
EPI4576291|NA|A/duck/Madagascar/73447/2025|EPI_ISL_20090041|A_/_H6N2           0.1347991 0.1347991 0.1349152 0.0216048 0.0216029 0.0216221 0.0223670 0.0223670 0.0215900 0.0215900 0.0057564 0.0057564 0.0057614 0.0000024 0.0000029 0.0000000 0.0021422 0.0021422 0.0021441 0.0035805 0.0028604 0.1093787 0.2728736 0.2573725 0.2573725 0.2700696 0.2684024 0.2537902 0.1317470 0.1317470 0.2290905 0.1605682 0.1580976 0.2349474 0.1540892 0.0504911 0.1349221 0.1340540 0.1312511 0.1753248 0.1753248 0.1373409 0.2079431 0.1140248 0.1168037 0.1202594 0.1191574 0.2281457 0.2249017 0.2297531 0.2366424 0.2349474 0.2282646 0.2211565 0.2340054 0.2537902 0.2431872 0.1540892 
EPI4576323|NA|A/duck/Madagascar/73790/2025|EPI_ISL_20090046|A_/_H6N2           0.1336226 0.1336226 0.1337375 0.0208276 0.0208258 0.0208442 0.0215880 0.0215880 0.0208133 0.0208133 0.0050293 0.0050293 0.0050336 0.0007124 0.0007119 0.0021422 0.0000000 0.0000010 0.0000010 0.0014216 0.0007098 0.1082894 0.2711046 0.2556608 0.2556608 0.2683136 0.2666499 0.2521002 0.1305970 0.1305970 0.2274739 0.1592715 0.1567328 0.2333200 0.1528422 0.0496221 0.1337339 0.1328656 0.1300968 0.1739761 0.1739761 0.1359942 0.2063960 0.1129285 0.1156928 0.1191469 0.1180483 0.2265381 0.2233033 0.2281411 0.2350102 0.2333200 0.2266561 0.2195733 0.2323528 0.2521002 0.2415381 0.1528422 
EPI4576312|NA|A/duck/Madagascar/73777/2025|EPI_ISL_20090044|A_/_H6N2           0.1336226 0.1336226 0.1337375 0.0208276 0.0208258 0.0208442 0.0215880 0.0215880 0.0208133 0.0208133 0.0050293 0.0050293 0.0050336 0.0007124 0.0007119 0.0021422 0.0000010 0.0000000 0.0000010 0.0014216 0.0007098 0.1082894 0.2711046 0.2556608 0.2556608 0.2683136 0.2666499 0.2521002 0.1305970 0.1305970 0.2274739 0.1592715 0.1567328 0.2333200 0.1528422 0.0496221 0.1337339 0.1328656 0.1300968 0.1739761 0.1739761 0.1359942 0.2063960 0.1129285 0.1156928 0.1191469 0.1180483 0.2265381 0.2233033 0.2281411 0.2350102 0.2333200 0.2266561 0.2195733 0.2323528 0.2521002 0.2415381 0.1528422 
EPI4576317|NA|A/duck/Madagascar/73785/2025|EPI_ISL_20090045|A_/_H6N2           0.1337668 0.1337668 0.1338820 0.0208461 0.0208442 0.0208627 0.0216072 0.0216072 0.0208317 0.0208317 0.0050336 0.0050336 0.0050336 0.0007130 0.0007125 0.0021441 0.0000010 0.0000010 0.0000000 0.0014228 0.0007104 0.1084024 0.2714708 0.2560006 0.2560006 0.2686745 0.2670084 0.2524323 0.1307356 0.1307356 0.2277690 0.1594535 0.1569220 0.2336226 0.1530118 0.0496683 0.1338797 0.1330107 0.1302354 0.1741784 0.1741784 0.1361616 0.2066592 0.1130461 0.1158143 0.1192716 0.1181716 0.2268307 0.2235912 0.2284360 0.2353152 0.2336226 0.2269490 0.2198550 0.2326591 0.2524323 0.2418525 0.1530118 
EPI4770085|NA|A/duck/Madagascar/74500/2025|EPI_ISL_20231991|A_/_H6N2           0.1359595 0.1359595 0.1360767 0.0223808 0.0223789 0.0223987 0.0231446 0.0231446 0.0223654 0.0223654 0.0064846 0.0064846 0.0064902 0.0021433 0.0021417 0.0035805 0.0014216 0.0014216 0.0014228 0.0000000 0.0007099 0.1104545 0.2694285 0.2540383 0.2540383 0.2666499 0.2649894 0.2504979 0.1328813 0.1328813 0.2259389 0.1618465 0.1580823 0.2317754 0.1553183 0.0513546 0.1360941 0.1352261 0.1323896 0.1766544 0.1766544 0.1373269 0.2049242 0.1151073 0.1179003 0.1213574 0.1202521 0.2250116 0.2217850 0.2266106 0.2334612 0.2317754 0.2251287 0.2180690 0.2307843 0.2504979 0.2399738 0.1553183 
EPI4770040|NA|A/duck/Madagascar/74197/2025|EPI_ISL_20231982|A_/_H6N2           0.1347870 0.1347870 0.1349031 0.0216033 0.0216014 0.0216205 0.0223654 0.0223654 0.0215884 0.0215884 0.0057560 0.0057560 0.0057610 0.0014272 0.0014258 0.0028604 0.0007098 0.0007098 0.0007104 0.0007099 0.0000000 0.1093690 0.2694285 0.2540383 0.2540383 0.2666499 0.2649894 0.2504979 0.1317354 0.1317354 0.2259389 0.1605536 0.1580823 0.2317754 0.1540754 0.0504871 0.1349099 0.1340418 0.1312394 0.1753091 0.1753091 0.1373269 0.2049242 0.1140148 0.1167933 0.1202489 0.1191469 0.2250116 0.2217850 0.2266106 0.2334612 0.2317754 0.2251287 0.2180690 0.2307843 0.2504979 0.2399738 0.1540754 
A/duck/Madagascar/72868-21/2021_H6N2_NA                                        0.0895116 0.0895116 0.0886148 0.1046822 0.1046752 0.1047835 0.1056592 0.1056592 0.1067520 0.1067520 0.1066980 0.1066980 0.1068086 0.1085701 0.1071409 0.1093787 0.1082894 0.1082894 0.1084024 0.1104545 0.1093690 0.0000000 0.2614331 0.2341410 0.2341410 0.2588096 0.2572232 0.2309653 0.1149059 0.1148138 0.2098254 0.1305154 0.1360269 0.2045969 0.1320798 0.0995423 0.1129258 0.1120787 0.1174335 0.1424904 0.1424904 0.1261963 0.1925029 0.1013845 0.1039077 0.1113374 0.1102998 0.2105168 0.2104008 0.2060375 0.2061446 0.2045969 0.2106222 0.2009970 0.2126417 0.2309653 0.2121467 0.1320798 
EPI2044742|NA|A/chicken/South_Africa/654182/2020|EPI_ISL_12869980|A_/_H6N2     0.3123932 0.3123932 0.3127254 0.2639619 0.2639586 0.2643120 0.2636644 0.2636644 0.2636644 0.2636644 0.2638219 0.2638219 0.2641750 0.2702140 0.2688934 0.2728736 0.2711046 0.2711046 0.2714708 0.2694285 0.2694285 0.2614331 0.0000000 0.0319986 0.0319986 0.0022459 0.0014953 0.0302004 0.2287760 0.2287760 0.0744398 0.1520632 0.1165028 0.0684142 0.2436651 0.2472986 0.2179709 0.2171117 0.2337188 0.1729465 0.1729465 0.0995574 0.0514581 0.2303158 0.2335868 0.2214246 0.2214246 0.0712342 0.0692496 0.0765765 0.0694123 0.0684142 0.0702776 0.0652445 0.0989301 0.0302004 0.0723660 0.2436651 
EPI2044753|NA|A/ostrich/South_Africa/644344/2020|EPI_ISL_12869982|A_/_H6N2     0.2891455 0.2891455 0.2894482 0.2456140 0.2456094 0.2459325 0.2453418 0.2453418 0.2453418 0.2453418 0.2487364 0.2487364 0.2490639 0.2547620 0.2535575 0.2573725 0.2556608 0.2556608 0.2560006 0.2540383 0.2540383 0.2341410 0.0319986 0.0000000 0.0000010 0.0294123 0.0302546 0.0014966 0.2125306 0.2125306 0.0565502 0.1377597 0.1029009 0.0537081 0.2281100 0.2234278 0.1863713 0.1854766 0.2124176 0.1655651 0.1655651 0.0886474 0.0402739 0.2047360 0.2076421 0.1934667 0.1934667 0.0554688 0.0536016 0.0585195 0.0527823 0.0537081 0.0527211 0.0498518 0.0874625 0.0014966 0.0555576 0.2281100 
EPI2044837|NA|A/ostrich/South_Africa/647367/2020|EPI_ISL_12869983|A_/_H6N2     0.2891455 0.2891455 0.2894482 0.2456140 0.2456094 0.2459325 0.2453418 0.2453418 0.2453418 0.2453418 0.2487364 0.2487364 0.2490639 0.2547620 0.2535575 0.2573725 0.2556608 0.2556608 0.2560006 0.2540383 0.2540383 0.2341410 0.0319986 0.0000010 0.0000000 0.0294123 0.0302546 0.0014966 0.2125306 0.2125306 0.0565502 0.1377597 0.1029009 0.0537081 0.2281100 0.2234278 0.1863713 0.1854766 0.2124176 0.1655651 0.1655651 0.0886474 0.0402739 0.2047360 0.2076421 0.1934667 0.1934667 0.0554688 0.0536016 0.0585195 0.0527823 0.0537081 0.0527211 0.0498518 0.0874625 0.0014966 0.0555576 0.2281100 
EPI2044717|NA|A/chicken/South_Africa/645275/2020|EPI_ISL_12869977|A_/_H6N2     0.3093839 0.3093839 0.3097115 0.2612452 0.2612417 0.2615899 0.2609521 0.2609521 0.2609521 0.2609521 0.2611073 0.2611073 0.2614552 0.2674228 0.2661255 0.2700696 0.2683136 0.2683136 0.2686745 0.2666499 0.2666499 0.2588096 0.0022459 0.0294123 0.0294123 0.0000000 0.0007454 0.0276426 0.2279199 0.2279199 0.0732826 0.1503105 0.1150289 0.0672936 0.2412023 0.2447400 0.2157220 0.2148620 0.2328307 0.1751168 0.1751168 0.0984097 0.0504310 0.2279422 0.2311708 0.2191280 0.2191280 0.0700994 0.0681265 0.0754046 0.0682856 0.0672936 0.0691480 0.0641465 0.0976021 0.0276426 0.0712222 0.2412023 
EPI2044725|NA|A/chicken/South_Africa/636697/2020|EPI_ISL_12869978|A_/_H6N2     0.3076895 0.3076895 0.3080153 0.2596086 0.2596050 0.2599509 0.2593174 0.2593174 0.2593174 0.2593174 0.2594716 0.2594716 0.2598172 0.2657568 0.2644702 0.2684024 0.2666499 0.2666499 0.2670084 0.2649894 0.2649894 0.2572232 0.0014953 0.0302546 0.0302546 0.0007454 0.0000000 0.0284766 0.2264144 0.2264144 0.0723035 0.1490376 0.1138834 0.0663333 0.2396721 0.2431592 0.2142661 0.2134035 0.2313022 0.1737643 0.1737643 0.0984097 0.0495187 0.2264360 0.2296457 0.2176496 0.2176496 0.0691327 0.0671659 0.0744174 0.0673222 0.0663333 0.0681838 0.0631994 0.0965335 0.0284766 0.0702502 0.2396721 
EPI2044734|NA|A/chicken/South_Africa/654160/2020|EPI_ISL_12869979|A_/_H6N2     0.2852667 0.2852667 0.2855628 0.2422059 0.2422011 0.2425169 0.2419397 0.2419397 0.2419397 0.2419397 0.2452904 0.2452904 0.2456105 0.2512041 0.2500315 0.2537902 0.2521002 0.2521002 0.2524323 0.2504979 0.2504979 0.2309653 0.0302004 0.0014966 0.0014966 0.0276426 0.0284766 0.0000000 0.2096403 0.2096403 0.0544744 0.1345253 0.1001840 0.0516649 0.2250453 0.2203378 0.1838298 0.1829382 0.2095092 0.1619143 0.1619143 0.0859988 0.0383682 0.2019421 0.2047931 0.1908205 0.1908205 0.0534103 0.0515637 0.0564187 0.0507493 0.0516649 0.0506913 0.0478575 0.0849941 0.0000010 0.0534946 0.2250453 
EPI1890286|NA|A/teal/Egypt/MBD1566C/2018|EPI_ISL_4031376|A_/_H6N2              0.1365732 0.1365732 0.1355714 0.1245489 0.1245417 0.1246723 0.1278381 0.1278381 0.1267120 0.1267120 0.1288655 0.1288655 0.1290014 0.1309445 0.1293593 0.1317470 0.1305970 0.1305970 0.1307356 0.1328813 0.1317354 0.1149059 0.2287760 0.2125306 0.2125306 0.2279199 0.2264144 0.2096403 0.0000000 0.0000010 0.1967174 0.1304906 0.1330398 0.1989984 0.1289983 0.1177702 0.1025730 0.1017350 0.0050318 0.1556192 0.1556192 0.1221266 0.1789638 0.0756010 0.0777534 0.0818182 0.0808939 0.1959796 0.1930435 0.1946066 0.2005184 0.1989984 0.1961986 0.1897344 0.2173042 0.2096403 0.2034014 0.1289983 
EPI1890278|NA|A/teal/Egypt/MBD1556OP/2018|EPI_ISL_4031375|A_/_H6N2             0.1365732 0.1365732 0.1355714 0.1245489 0.1245417 0.1246723 0.1278381 0.1278381 0.1267120 0.1267120 0.1288655 0.1288655 0.1290014 0.1309445 0.1293593 0.1317470 0.1305970 0.1305970 0.1307356 0.1328813 0.1317354 0.1148138 0.2287760 0.2125306 0.2125306 0.2279199 0.2264144 0.2096403 0.0000010 0.0000000 0.1967174 0.1304906 0.1330398 0.1989984 0.1289983 0.1177702 0.1025730 0.1017350 0.0050318 0.1554825 0.1554825 0.1221266 0.1789638 0.0755448 0.0776952 0.0817570 0.0808335 0.1959796 0.1930435 0.1946066 0.2005184 0.1989984 0.1961986 0.1897344 0.2173042 0.2096403 0.2034014 0.1289983 
EPI1551418|NA|A/chicken/South_Africa/N2826/2016|EPI_ISL_378725|A_/_H6N2        0.2553552 0.2553552 0.2540563 0.2197479 0.2212508 0.2215351 0.2210177 0.2210177 0.2210177 0.2210177 0.2242290 0.2242290 0.2245174 0.2265597 0.2255488 0.2290905 0.2274739 0.2274739 0.2277690 0.2259389 0.2259389 0.2098254 0.0744398 0.0565502 0.0565502 0.0732826 0.0723035 0.0544744 0.1967174 0.1967174 0.0000000 0.1216270 0.0866585 0.0459069 0.2087648 0.2051081 0.1744664 0.1735705 0.1979676 0.1387648 0.1387648 0.0781049 0.0329294 0.1935226 0.1962536 0.1798187 0.1798187 0.0130266 0.0114574 0.0045205 0.0450156 0.0459069 0.0138216 0.0083421 0.0401982 0.0544744 0.0531412 0.2087648 
EPI102745|NA|A/chicken/South_Africa/UP1102/02|EPI_ISL_10108|A_/_H6N2           0.1584363 0.1584363 0.1585772 0.1484696 0.1484618 0.1486289 0.1496611 0.1496611 0.1484131 0.1484131 0.1545881 0.1545881 0.1547630 0.1584028 0.1578368 0.1605682 0.1592715 0.1592715 0.1594535 0.1618465 0.1605536 0.1305154 0.1520632 0.1377597 0.1377597 0.1503105 0.1490376 0.1345253 0.1304906 0.1304906 0.1216270 0.0000000 0.0484813 0.1166166 0.1370095 0.1423687 0.0951539 0.0943032 0.1323052 0.0733593 0.0733593 0.0367199 0.1078210 0.1234514 0.1252150 0.1229457 0.1218229 0.1224464 0.1200365 0.1188824 0.1178133 0.1166166 0.1225033 0.1150875 0.1452850 0.1345253 0.1284995 0.1370095 
EPI102715|NA|A/chicken/South_Africa/AL19/02|EPI_ISL_10109|A_/_H6N2             0.1732436 0.1732436 0.1734098 0.1441277 0.1441194 0.1442905 0.1439859 0.1439859 0.1439859 0.1439859 0.1518222 0.1518222 0.1520035 0.1558129 0.1552271 0.1580976 0.1567328 0.1567328 0.1569220 0.1580823 0.1580823 0.1360269 0.1165028 0.1029009 0.1029009 0.1150289 0.1138834 0.1001840 0.1330398 0.1330398 0.0866585 0.0484813 0.0000000 0.0887122 0.1511671 0.1352130 0.1039881 0.1030853 0.1349958 0.0765140 0.0765140 0.0082830 0.0733253 0.1279592 0.1298784 0.1249855 0.1249855 0.0874823 0.0853454 0.0889489 0.0898042 0.0887122 0.0875214 0.0810107 0.1070428 0.1001840 0.0996083 0.1511671 
EPI2044646|NA|A/chicken/South_Africa/387087/2019|EPI_ISL_12864553|A_/_H6N2     0.2510279 0.2510279 0.2497387 0.2239274 0.2239214 0.2226377 0.2236854 0.2236854 0.2236854 0.2236854 0.2269037 0.2269037 0.2271951 0.2324134 0.2313693 0.2349474 0.2333200 0.2333200 0.2336226 0.2317754 0.2317754 0.2045969 0.0684142 0.0537081 0.0537081 0.0672936 0.0663333 0.0516649 0.1989984 0.1989984 0.0459069 0.1166166 0.0887122 0.0000000 0.2126603 0.2046236 0.1823323 0.1814463 0.2032823 0.1464665 0.1464665 0.0776564 0.0261034 0.1987652 0.2015528 0.1821736 0.1821736 0.0413590 0.0396045 0.0477669 0.0007438 0.0000010 0.0422623 0.0360950 0.0734006 0.0516649 0.0075382 0.2126603 
EPI327415|NA|A/duck/Egypt/053/2005|EPI_ISL_94096|A_/_H6N2                      0.1588821 0.1588821 0.1578285 0.1486322 0.1486246 0.1487882 0.1522053 0.1522053 0.1509773 0.1509773 0.1483720 0.1483720 0.1485351 0.1532703 0.1514712 0.1540892 0.1528422 0.1528422 0.1530118 0.1553183 0.1540754 0.1320798 0.2436651 0.2281100 0.2281100 0.2412023 0.2396721 0.2250453 0.1289983 0.1289983 0.2087648 0.1370095 0.1511671 0.2126603 0.0000000 0.1409563 0.0875298 0.0867060 0.1324653 0.1466655 0.1466655 0.1367692 0.1886141 0.1184400 0.1212048 0.1207975 0.1197167 0.2169845 0.2139617 0.2093895 0.2111679 0.2126603 0.2170914 0.2075045 0.2248884 0.2250453 0.2202403 0.0000010 
EPI3145512|NA|A/ostrich/South_Africa/AI9145-P42/2023|EPI_ISL_19009636|A_/_H6N2 0.1253203 0.1253203 0.1254259 0.0426908 0.0426872 0.0427264 0.0451997 0.0451997 0.0443533 0.0443533 0.0485944 0.0485944 0.0486394 0.0497341 0.0487422 0.0504911 0.0496221 0.0496221 0.0496683 0.0513546 0.0504871 0.0995423 0.2472986 0.2234278 0.2234278 0.2447400 0.2431592 0.2203378 0.1177702 0.1177702 0.2051081 0.1423687 0.1352130 0.2046236 0.1409563 0.0000000 0.1107285 0.1120870 0.1175605 0.1447094 0.1447094 0.1172503 0.1833039 0.0988099 0.1013564 0.0996047 0.0985789 0.2043106 0.2012634 0.2058216 0.2061947 0.2046236 0.2044139 0.1978084 0.2172606 0.2203378 0.2154251 0.1409563 
EPI372370|NA|A/shoveler/Egypt/13251-NAMRU3/2006|EPI_ISL_120196|A_/_H6N2        0.1225704 0.1225704 0.1226728 0.1245101 0.1245027 0.1246358 0.1278594 0.1278594 0.1267126 0.1267126 0.1295727 0.1295727 0.1297126 0.1340995 0.1324519 0.1349221 0.1337339 0.1337339 0.1338797 0.1360941 0.1349099 0.1129258 0.2179709 0.1863713 0.1863713 0.2157220 0.2142661 0.1838298 0.1025730 0.1025730 0.1744664 0.0951539 0.1039881 0.1823323 0.0875298 0.1107285 0.0000000 0.0021437 0.1019585 0.1222856 0.1222856 0.0931396 0.1611598 0.0901972 0.0926492 0.0894526 0.0884584 0.1780201 0.1752324 0.1751737 0.1809393 0.1823323 0.1740375 0.1693772 0.1948906 0.1838298 0.1922995 0.0875298 
EPI372385|NA|A/teal/Egypt/13203-NAMRU3/2006|EPI_ISL_120198|A_/_H6N2            0.1217239 0.1217239 0.1218257 0.1236497 0.1236422 0.1237746 0.1269993 0.1269993 0.1258525 0.1258525 0.1287088 0.1287088 0.1288480 0.1332294 0.1315847 0.1340540 0.1328656 0.1328656 0.1330107 0.1352261 0.1340418 0.1120787 0.2171117 0.1854766 0.1854766 0.2148620 0.2134035 0.1829382 0.1017350 0.1017350 0.1735705 0.0943032 0.1030853 0.1814463 0.0867060 0.1120870 0.0021437 0.0000000 0.1011172 0.1214248 0.1214248 0.0922019 0.1602547 0.0893654 0.0918121 0.0886282 0.0876346 0.1771304 0.1743402 0.1742818 0.1800518 0.1814463 0.1731436 0.1684825 0.1939933 0.1829382 0.1914244 0.0867060 
EPI1370646|NA|A/Eurasian-teal/Egypt/P2-29/2017|EPI_ISL_341563|A_/_H6N2         0.1384492 0.1384492 0.1374389 0.1240287 0.1240215 0.1241522 0.1273298 0.1273298 0.1261997 0.1261997 0.1283614 0.1283614 0.1284973 0.1304434 0.1288553 0.1312511 0.1300968 0.1300968 0.1302354 0.1323896 0.1312394 0.1174335 0.2337188 0.2124176 0.2124176 0.2328307 0.2313022 0.2095092 0.0050318 0.0050318 0.1979676 0.1323052 0.1349958 0.2032823 0.1324653 0.1175605 0.1019585 0.1011172 0.0000000 0.1491708 0.1491708 0.1227845 0.1859429 0.0774437 0.0797129 0.0829978 0.0820295 0.2002158 0.1972343 0.1958337 0.2017991 0.2032823 0.2004417 0.1938636 0.2219750 0.2095092 0.2077524 0.1324653 
EPI841754|NA|A/chicken/South_Africa/BKR2/2012|EPI_ISL_235195|A_/_H6N2          0.1802578 0.1802578 0.1804228 0.1600834 0.1600756 0.1602586 0.1638534 0.1638534 0.1625553 0.1625553 0.1730200 0.1730200 0.1732199 0.1731043 0.1724608 0.1753248 0.1739761 0.1739761 0.1741784 0.1766544 0.1753091 0.1424904 0.1729465 0.1655651 0.1655651 0.1751168 0.1737643 0.1619143 0.1556192 0.1554825 0.1387648 0.0733593 0.0765140 0.1464665 0.1466655 0.1447094 0.1222856 0.1214248 0.1491708 0.0000000 0.0000010 0.0622103 0.1322394 0.1443066 0.1462856 0.1378904 0.1390312 0.1454361 0.1428713 0.1428272 0.1477918 0.1464665 0.1430107 0.1375565 0.1709685 0.1619143 0.1542918 0.1466655 
EPI841746|NA|A/chicken/South_Africa/BKR4/2012|EPI_ISL_235194|A_/_H6N2          0.1802578 0.1802578 0.1804228 0.1600834 0.1600756 0.1602586 0.1638534 0.1638534 0.1625553 0.1625553 0.1730200 0.1730200 0.1732199 0.1731043 0.1724608 0.1753248 0.1739761 0.1739761 0.1741784 0.1766544 0.1753091 0.1424904 0.1729465 0.1655651 0.1655651 0.1751168 0.1737643 0.1619143 0.1556192 0.1554825 0.1387648 0.0733593 0.0765140 0.1464665 0.1466655 0.1447094 0.1222856 0.1214248 0.1491708 0.0000010 0.0000000 0.0622103 0.1322394 0.1443066 0.1462856 0.1378904 0.1390312 0.1454361 0.1428713 0.1428272 0.1477918 0.1464665 0.1430107 0.1375565 0.1709685 0.1619143 0.1542918 0.1466655 
EPI841736|NA|A/chicken/South_Africa/W04/2002|EPI_ISL_235193|A_/_H6N2           0.1667184 0.1667184 0.1668840 0.1249140 0.1249055 0.1250566 0.1247897 0.1247897 0.1247897 0.1247897 0.1312727 0.1312727 0.1314326 0.1350400 0.1345392 0.1373409 0.1359942 0.1359942 0.1361616 0.1373269 0.1373269 0.1261963 0.0995574 0.0886474 0.0886474 0.0984097 0.0984097 0.0859988 0.1221266 0.1221266 0.0781049 0.0367199 0.0082830 0.0776564 0.1367692 0.1172503 0.0931396 0.0922019 0.1227845 0.0622103 0.0622103 0.0000000 0.0649908 0.1146389 0.1164923 0.1105347 0.1105347 0.0800352 0.0778523 0.0778711 0.0787525 0.0776564 0.0779038 0.0734375 0.0970860 0.0859988 0.0841790 0.1367692 
EPI841735|NA|A/chicken/South_Africa/MAS/2013|EPI_ISL_235192|A_/_H6N2           0.2445839 0.2445839 0.2433048 0.1990903 0.1990831 0.1978390 0.1988794 0.1988794 0.1988794 0.1988794 0.2004878 0.2004878 0.2007408 0.2054727 0.2045961 0.2079431 0.2063960 0.2063960 0.2066592 0.2049242 0.2049242 0.1925029 0.0514581 0.0402739 0.0402739 0.0504310 0.0495187 0.0383682 0.1789638 0.1789638 0.0329294 0.1078210 0.0733253 0.0261034 0.1886141 0.1833039 0.1611598 0.1602547 0.1859429 0.1322394 0.1322394 0.0649908 0.0000000 0.1787004 0.1812028 0.1670993 0.1670993 0.0294506 0.0277672 0.0346913 0.0269411 0.0261034 0.0303117 0.0244110 0.0590106 0.0383682 0.0319802 0.1886141 
EPI310335|NA|A/duck_/Zambia/03/2008|EPI_ISL_88223|A_/_H6N2                     0.1210384 0.1210384 0.1211390 0.1083107 0.1083038 0.1084156 0.1114656 0.1114656 0.1103883 0.1103883 0.1113573 0.1113573 0.1114726 0.1132210 0.1117676 0.1140248 0.1129285 0.1129285 0.1130461 0.1151073 0.1140148 0.1013845 0.2303158 0.2047360 0.2047360 0.2279422 0.2264360 0.2019421 0.0756010 0.0755448 0.1935226 0.1234514 0.1279592 0.1987652 0.1184400 0.0988099 0.0901972 0.0893654 0.0774437 0.1443066 0.1443066 0.1146389 0.1787004 0.0000000 0.0013725 0.0352819 0.0344971 0.1958717 0.1957652 0.1956967 0.1973059 0.1987652 0.1988148 0.1895122 0.2127727 0.2019421 0.2092089 0.1184400 
EPI310327|NA|A/duck/Zambia/02/2008|EPI_ISL_88222|A_/_H6N2                      0.1210588 0.1210588 0.1211594 0.1110062 0.1109991 0.1111147 0.1142009 0.1142009 0.1131094 0.1131094 0.1140883 0.1140883 0.1142074 0.1159954 0.1145137 0.1168037 0.1156928 0.1156928 0.1158143 0.1179003 0.1167933 0.1039077 0.2335868 0.2076421 0.2076421 0.2311708 0.2296457 0.2047931 0.0777534 0.0776952 0.1962536 0.1252150 0.1298784 0.2015528 0.1212048 0.1013564 0.0926492 0.0918121 0.0797129 0.1462856 0.1462856 0.1164923 0.1812028 0.0013725 0.0000000 0.0369900 0.0361975 0.1986237 0.1985148 0.1984447 0.2000754 0.2015528 0.2016037 0.1921766 0.2158088 0.2047931 0.2121283 0.1212048 
EPI310375|NA|A/duck/Zambia/08/2009|EPI_ISL_88228|A_/_H6N2                      0.1273394 0.1273394 0.1274456 0.1139189 0.1139120 0.1140293 0.1170974 0.1170974 0.1160111 0.1160111 0.1153183 0.1153183 0.1154378 0.1194572 0.1179623 0.1202594 0.1191469 0.1191469 0.1192716 0.1213574 0.1202489 0.1113374 0.2214246 0.1934667 0.1934667 0.2191280 0.2176496 0.1908205 0.0818182 0.0817570 0.1798187 0.1229457 0.1249855 0.1821736 0.1207975 0.0996047 0.0894526 0.0886282 0.0829978 0.1378904 0.1378904 0.1105347 0.1670993 0.0352819 0.0369900 0.0000000 0.0006828 0.1848853 0.1820320 0.1819699 0.1807700 0.1821736 0.1849756 0.1760227 0.1982763 0.1908205 0.1894191 0.1207975 
EPI310391|NA|A/duck/Zambia/10/2009|EPI_ISL_88230|A_/_H6N2                      0.1262229 0.1262229 0.1263280 0.1128445 0.1128375 0.1129537 0.1160140 0.1160140 0.1149309 0.1149309 0.1142364 0.1142364 0.1143547 0.1183553 0.1168684 0.1191574 0.1180483 0.1180483 0.1181716 0.1202521 0.1191469 0.1102998 0.2214246 0.1934667 0.1934667 0.2191280 0.2176496 0.1908205 0.0808939 0.0808335 0.1798187 0.1218229 0.1249855 0.1821736 0.1197167 0.0985789 0.0884584 0.0876346 0.0820295 0.1390312 0.1390312 0.1105347 0.1670993 0.0344971 0.0361975 0.0006828 0.0000000 0.1848853 0.1820320 0.1819699 0.1807700 0.1821736 0.1849756 0.1760227 0.1982763 0.1908205 0.1894191 0.1197167 
EPI1790338|NA|A/chicken/South_Africa/402385/2016|EPI_ISL_506055|A_/_H6N2       0.2574639 0.2574639 0.2561683 0.2203622 0.2203560 0.2206378 0.2201249 0.2201249 0.2201249 0.2201249 0.2233183 0.2233183 0.2236041 0.2256268 0.2246258 0.2281457 0.2265381 0.2265381 0.2268307 0.2250116 0.2250116 0.2105168 0.0712342 0.0554688 0.0554688 0.0700994 0.0691327 0.0534103 0.1959796 0.1959796 0.0130266 0.1224464 0.0874823 0.0413590 0.2169845 0.2043106 0.1780201 0.1771304 0.2002158 0.1454361 0.1454361 0.0800352 0.0294506 0.1958717 0.1986237 0.1848853 0.1848853 0.0000000 0.0029866 0.0146210 0.0422449 0.0413590 0.0098827 0.0045055 0.0400982 0.0534103 0.0484567 0.2169845 
EPI1790330|NA|A/chicken/South_Africa/401156/2016|EPI_ISL_506054|A_/_H6N2       0.2509889 0.2509889 0.2496997 0.2156925 0.2171788 0.2174560 0.2169517 0.2169517 0.2169517 0.2169517 0.2201258 0.2201258 0.2204071 0.2223896 0.2214087 0.2249017 0.2233033 0.2233033 0.2235912 0.2217850 0.2217850 0.2104008 0.0692496 0.0536016 0.0536016 0.0681265 0.0671659 0.0515637 0.1930435 0.1930435 0.0114574 0.1200365 0.0853454 0.0396045 0.2139617 0.2012634 0.1752324 0.1743402 0.1972343 0.1428713 0.1428713 0.0778523 0.0277672 0.1957652 0.1985148 0.1820320 0.1820320 0.0029866 0.0000000 0.0130401 0.0404844 0.0396045 0.0098794 0.0045041 0.0418616 0.0515637 0.0466567 0.2139617 
EPI1790322|NA|A/chicken/South_Africa/398997/2016|EPI_ISL_506053|A_/_H6N2       0.2559239 0.2559239 0.2546295 0.2204318 0.2219307 0.2222147 0.2216975 0.2216975 0.2216975 0.2216975 0.2249003 0.2249003 0.2251885 0.2272310 0.2262201 0.2297531 0.2281411 0.2281411 0.2284360 0.2266106 0.2266106 0.2060375 0.0765765 0.0585195 0.0585195 0.0754046 0.0744174 0.0564187 0.1946066 0.1946066 0.0045205 0.1188824 0.0889489 0.0477669 0.2093895 0.2058216 0.1751737 0.1742818 0.1958337 0.1428272 0.1428272 0.0778711 0.0346913 0.1956967 0.1984447 0.1819699 0.1819699 0.0146210 0.0130401 0.0000000 0.0468684 0.0477669 0.0154228 0.0099002 0.0420340 0.0564187 0.0550597 0.2093895 
EPI1790314|NA|A/chicken/South_Africa/344579/2015|EPI_ISL_506052|A_/_H6N2       0.2527231 0.2527231 0.2514319 0.2255777 0.2255718 0.2242857 0.2253337 0.2253337 0.2253337 0.2253337 0.2285623 0.2285623 0.2288560 0.2341049 0.2330500 0.2366424 0.2350102 0.2350102 0.2353152 0.2334612 0.2334612 0.2061446 0.0694123 0.0527823 0.0527823 0.0682856 0.0673222 0.0507493 0.2005184 0.2005184 0.0450156 0.1178133 0.0898042 0.0007438 0.2111679 0.2061947 0.1809393 0.1800518 0.2017991 0.1477918 0.1477918 0.0787525 0.0269411 0.1973059 0.2000754 0.1807700 0.1807700 0.0422449 0.0404844 0.0468684 0.0000000 0.0007438 0.0431517 0.0369619 0.0744165 0.0507493 0.0083057 0.2111679 
EPI1790306|NA|A/chicken/South_Africa/344378/2015|EPI_ISL_506051|A_/_H6N2       0.2510279 0.2510279 0.2497387 0.2239274 0.2239214 0.2226377 0.2236854 0.2236854 0.2236854 0.2236854 0.2269037 0.2269037 0.2271951 0.2324134 0.2313693 0.2349474 0.2333200 0.2333200 0.2336226 0.2317754 0.2317754 0.2045969 0.0684142 0.0537081 0.0537081 0.0672936 0.0663333 0.0516649 0.1989984 0.1989984 0.0459069 0.1166166 0.0887122 0.0000010 0.2126603 0.2046236 0.1823323 0.1814463 0.2032823 0.1464665 0.1464665 0.0776564 0.0261034 0.1987652 0.2015528 0.1821736 0.1821736 0.0413590 0.0396045 0.0477669 0.0007438 0.0000000 0.0422623 0.0360950 0.0734006 0.0516649 0.0075382 0.2126603 
EPI1790298|NA|A/chicken/South_Africa/341797/2015|EPI_ISL_506050|A_/_H6N2       0.2527920 0.2527920 0.2515003 0.2204758 0.2204696 0.2207517 0.2202383 0.2202383 0.2202383 0.2202383 0.2234335 0.2234335 0.2237197 0.2257446 0.2247424 0.2282646 0.2266561 0.2266561 0.2269490 0.2251287 0.2251287 0.2106222 0.0702776 0.0527211 0.0527211 0.0691480 0.0681838 0.0506913 0.1961986 0.1961986 0.0138216 0.1225033 0.0875214 0.0422623 0.2170914 0.2044139 0.1740375 0.1731436 0.2004417 0.1430107 0.1430107 0.0779038 0.0303117 0.1988148 0.2016037 0.1849756 0.1849756 0.0098827 0.0098794 0.0154228 0.0431517 0.0422623 0.0000000 0.0052672 0.0418951 0.0506913 0.0493869 0.2170914 
EPI1790290|NA|A/chicken/South_Africa/339678/2015|EPI_ISL_506049|A_/_H6N2       0.2469403 0.2469403 0.2456597 0.2135388 0.2135323 0.2138036 0.2133105 0.2133105 0.2133105 0.2133105 0.2164534 0.2164534 0.2167286 0.2186597 0.2177045 0.2211565 0.2195733 0.2195733 0.2198550 0.2180690 0.2180690 0.2009970 0.0652445 0.0498518 0.0498518 0.0641465 0.0631994 0.0478575 0.1897344 0.1897344 0.0083421 0.1150875 0.0810107 0.0360950 0.2075045 0.1978084 0.1693772 0.1684825 0.1938636 0.1375565 0.1375565 0.0734375 0.0244110 0.1895122 0.1921766 0.1760227 0.1760227 0.0045055 0.0045041 0.0099002 0.0369619 0.0360950 0.0052672 0.0000000 0.0365389 0.0478575 0.0430485 0.2075045 
EPI1790362|NA|A/chicken/South_Africa/432/2019|EPI_ISL_506058|A_/_H6N2          0.2642447 0.2642447 0.2629089 0.2292706 0.2292648 0.2295646 0.2290180 0.2290180 0.2290180 0.2290180 0.2289989 0.2289989 0.2292981 0.2314300 0.2303744 0.2340054 0.2323528 0.2323528 0.2326591 0.2307843 0.2307843 0.2126417 0.0989301 0.0874625 0.0874625 0.0976021 0.0965335 0.0849941 0.2173042 0.2173042 0.0401982 0.1452850 0.1070428 0.0734006 0.2248884 0.2172606 0.1948906 0.1939933 0.2219750 0.1709685 0.1709685 0.0970860 0.0590106 0.2127727 0.2158088 0.1982763 0.1982763 0.0400982 0.0418616 0.0420340 0.0744165 0.0734006 0.0418951 0.0365389 0.0000000 0.0849941 0.0794291 0.2248884 
EPI1790354|NA|A/chicken/South_Africa/H44954/2016|EPI_ISL_506057|A_/_H6N2       0.2852667 0.2852667 0.2855628 0.2422059 0.2422011 0.2425169 0.2419397 0.2419397 0.2419397 0.2419397 0.2452904 0.2452904 0.2456105 0.2512041 0.2500315 0.2537902 0.2521002 0.2521002 0.2524323 0.2504979 0.2504979 0.2309653 0.0302004 0.0014966 0.0014966 0.0276426 0.0284766 0.0000010 0.2096403 0.2096403 0.0544744 0.1345253 0.1001840 0.0516649 0.2250453 0.2203378 0.1838298 0.1829382 0.2095092 0.1619143 0.1619143 0.0859988 0.0383682 0.2019421 0.2047931 0.1908205 0.1908205 0.0534103 0.0515637 0.0564187 0.0507493 0.0516649 0.0506913 0.0478575 0.0849941 0.0000000 0.0534946 0.2250453 
EPI1790346|NA|A/chicken/South_Africa/404573/2016|EPI_ISL_506056|A_/_H6N2       0.2626165 0.2626165 0.2613156 0.2319603 0.2319549 0.2306606 0.2317087 0.2317087 0.2317087 0.2317087 0.2349737 0.2349737 0.2352765 0.2406389 0.2395432 0.2431872 0.2415381 0.2415381 0.2418525 0.2399738 0.2399738 0.2121467 0.0723660 0.0555576 0.0555576 0.0712222 0.0702502 0.0534946 0.2034014 0.2034014 0.0531412 0.1284995 0.0996083 0.0075382 0.2202403 0.2154251 0.1922995 0.1914244 0.2077524 0.1542918 0.1542918 0.0841790 0.0319802 0.2092089 0.2121283 0.1894191 0.1894191 0.0484567 0.0466567 0.0550597 0.0083057 0.0075382 0.0493869 0.0430485 0.0794291 0.0534946 0.0000000 0.2202403 
EPI228509|NA|A/whiskered_tern/Egypt/04/2004|EPI_ISL_65223|A_/_H6N2             0.1588821 0.1588821 0.1578285 0.1486322 0.1486246 0.1487882 0.1522053 0.1522053 0.1509773 0.1509773 0.1483720 0.1483720 0.1485351 0.1532703 0.1514712 0.1540892 0.1528422 0.1528422 0.1530118 0.1553183 0.1540754 0.1320798 0.2436651 0.2281100 0.2281100 0.2412023 0.2396721 0.2250453 0.1289983 0.1289983 0.2087648 0.1370095 0.1511671 0.2126603 0.0000010 0.1409563 0.0875298 0.0867060 0.1324653 0.1466655 0.1466655 0.1367692 0.1886141 0.1184400 0.1212048 0.1207975 0.1197167 0.2169845 0.2139617 0.2093895 0.2111679 0.2126603 0.2170914 0.2075045 0.2248884 0.2250453 0.2202403 0.0000000 
